2239687.50000000
2240117.85714286
2242676
2242006.66666667
2242566.66666667
2239773.62637363
2243185.71428571
2240272.72727273
2239957.14285714
2240085.71428571
2239208.69565217
2238022.64150943
2236980
2241118.18181818
2238433.33333333
2239938
2238614.28571429
2238571.42857143
2238080
2237666.66666667
2238175.60975610
2238644.44444444
2238993.75000000
2239178.57142857
2242123.52941177
2244606.06060606
2245814.28571429
2246542.85714286
2245834.48275862
2244655.46875000
2242571.42857143
2240746.42857143
2241071.42857143
2242011.11111111
2242240
2240016.66666667
2240957.14285714
2238780
2238745.45454545
2240618.51851852
2242066.66666667
2240877.77777778
2241000
2240722.22222222
2241425
2241350
2241135.29411765
2241825
2241036.36363636
2241180
2240346.87500000
2239792.30769231
2239005.71428571
2240000
2239240
2238816.66666667
2240542.30769231
2241404
2241500
2240120
2241625
2239820.83333333
2238222.22222222
2239480
2240620.93023256
2242544.20289855
2243500
2242718.18181818
2242613.25301205
2241115
2241132.25806452
2240458.33333333
2239795
2238263.46153846
2237784.37500000
2238467.53246753
2238751.72413793
2239950
2239850
2238705.88235294
2237054.54545455
2238832.90322581
2237777.77777778
2237748.14814815
2238110.90909091
2238408.10810811
2237637.14285714
2237450
2237522.22222222
2237233.33333333
2237476.92307692
2236997.14285714
2237309.85915493
2236757.14285714
2236266.66666667
2236625
2236224.24242424
2236280
2236820
2237125
2236460
2236636.84210526
2237631.81818182
2237953.84615385
2238233.33333333
2238500
2238325
2237750
2237361.11111111
2238810
2239733.33333333
2240733.33333333
2239631.57894737
2238857.14285714
2238528.57142857
2238287.09677419
2238635
2239809.67741935
2239214.11764706
2239278.12500000
2238179.16666667
2238581.81818182
2239340
2239063.63636364
2238666.66666667
2238180
2238607.81250000
2238411.11111111
2238600
2238421.42857143
2238512.50000000
2239556.66666667
2241052.17391304
2241756.25000000
2242907.52688172
2244384.84848485
2244604.76190476
2244016.66666667
2243836.11111111
2243865.51724138
2243577.50000000
2245332.23140496
2245158.69565217
2242860
2243561.90476191
2243414
2242421.05263158
2242520
2242532.43243243
2242933.33333333
2242225.75757576
2242220.27972028
2242394.23076923
2243020.93023256
2243167.85714286
2242111.11111111
2241736.36363636
2242241.26984127
2243557.57575758
2241909.47368421
2242576.92307692
2243894.11764706
2244658.33333333
2244350
2244346.15384615
2244463.63636364
2245020
2244850
2244794.73684211
2244566.66666667
2244066.66666667
2243257.14285714
2243428.57142857
2242808.33333333
2242500
2242660
2240563.93442623
2238182.02247191
2238715.55555556
2237887.09677419
2237078.48101266
2235155.84415584
2234006.97674419
2235351.51515152
2237293.22033898
2238187.87878788
2237977.27272727
2238053.57142857
2237732.14285714
2237433.33333333
2237628.57142857
2238742.85714286
2238454.54545455
2237379.48717949
2235950
2235353.06122449
2234080
2234964
2235600
2236547.05882353
2236363.63636364
2236155.88235294
2236457.14285714
2235726.66666667
2235191.66666667
2234214.70588235
2234722.85714286
2235746.91358025
2235814.70588235
2235675
2234234.84848485
2232150
2233521.66666667
2233287.75510204
2235040.42553192
2235363.63636364
2235114.81481482
2234342.85714286
2234015.68627451
2232471.42857143
2232600
2232925
2231656.66666667
2230621.95121951
2230644
2231300
2233151.29870130
2233338.55421687
2231132.14285714
2230200
2231244.44444444
2232182.50000000
2231814.28571429
2232705.26315790
2232386.30136986
2232384.21052632
2232358.33333333
2232061.53846154
2231800
2232800
2232011.76470588
2233745.45454545
2235416.66666667
2233708.33333333
2233759.09090909
2233300
2235071.42857143
2235711.11111111
2235090.69767442
2235333.33333333
2235341.66666667
2235023.80952381
2235150
2236303.70370370
2237027.77777778
2236666.66666667
2236050
2235620
2235814.28571429
2234688.88888889
2234258.33333333
2234483.01886792
2235538.98305085
2234793.02325581
2235448.88888889
2235668.42105263
2236266.66666667
2236020
2236100
2236557.14285714
2236271.42857143
2236920
2236300
2236987.50000000
2237898
2238241.07142857
2239398.71794872
2238923.80952381
2239173.91304348
2239366.66666667
2239300
2239188.88888889
2239069.23076923
2239071.42857143
2237538.02816901
2237200
2237639.47368421
2237818.51851852
2238680
2238236.36363636
2238026.92307692
2238142.85714286
2238554.23728814
2238613.04347826
2238390.38461538
2237873.07692308
2237871.05263158
2238671.42857143
2238960
2238000
2239150
2240223.68421053
2241372
2241321.62162162
2241025.58139535
2240666.66666667
2240800
2240955.17241379
2241458.33333333
2241467.85714286
2240535.08771930
2240400
2239102.27272727
2239400
2238981.63265306
2239290.90909091
2239072.50000000
2238447.16981132
2238727.27272727
2238730.76923077
2238851.61290323
2238413.46153846
2238342.85714286
2239033.33333333
2238897.93814433
2238817.24137931
2238771.42857143
2238981.25000000
2238829.41176471
2238323.52941177
2236896.15384615
2236573.68421053
2235768.75000000
2236066.66666667
2236163.33333333
2238034.48275862
2236312.50000000
2235892.30769231
2236800
2236383.33333333
2237371.05263158
2237354.54545455
2238061.53846154
2238215.59633028
2237781.39534884
2237470
2237900
2237900
2237985.71428571
2238634.48275862
2238520
2238468.75000000
2237931.52173913
2238151.16279070
2238902.38095238
2238138.46153846
2238624.59016393
2238917.47572816
2238622.75862069
2238436.70886076
2238339.13043478
2238280.48780488
2237666.66666667
2237762.50000000
2239296
2239640
2240460
2239767.85714286
2239145
2239400
2239528.57142857
2239825
2238600
2239450
2239222.22222222
2239027.27272727
2238728.57142857
2239100
2240058.82352941
2240025.53191489
2241230
2241166.66666667
2241383.33333333
2241750
2242271.05263158
2242272.22222222
2242566.66666667
2241660
2242413.33333333
2243686.44067797
2243480
2243293.54838710
2242852.08333333
2240953.84615385
2241260
2240757.57575758
2241734.14634146
2242795.16129032
2243423.07692308
2242076.47058824
2242196.55172414
2242888
2241546.42857143
2240892.85714286
2240745
2241853.33333333
2241400
2241693.75000000
2241760.86956522
2242120
2241435.29411765
2240386.95652174
2240628.57142857
2239943.75000000
2240198.18181818
2239860
2240087.93103448
2241037.14285714
2240702.32558140
2240318.75000000
2240896.38554217
2241068.57142857
2241584.21052632
2241600
2240525
2241383.87096774
2242437.50000000
2242446.66666667
2243012.50000000
2243500
2242740
2243667.74193548
2243320
2243150
2242700
2242800
2243162.50000000
2242252.94117647
2242055.55555556
2242643.47826087
2242378
2242333.33333333
2242675
2242636.36363636
2242740
2242494.73684211
2242253.84615385
2242550
2243434.78260870
2243483.33333333
2243580
2242990.47619048
2242978.78787879
2243162.50000000
2243106.77966102
2243075
2243964.28571429
2244040
2243979.62962963
2244088.88888889
2243700
2243142.85714286
2243400
2243266.66666667
2243650
2243340
2243333.33333333
2243000
2243421.21212121
2243280
2243200
2242138.23529412
2241856.86274510
2241914.63414634
2241850
2242216.66666667
2242200
2242050
2242793.93939394
2243140
2243250
2243657.14285714
2243796.77419355
2243866.66666667
2246348.25174825
2249458.90410959
2251328.28282828
2253697.69230769
2254900
2254645.07042254
2256194.73684211
2256860.60606061
2256986.66666667
2257165.38461538
2258475
2259920.79207921
2259408.69565217
2259157.69230769
2259371.11111111
2257830.95238095
2258293.75000000
2258063.63636364
2257862.50000000
2257671.42857143
2257172.72727273
2257242.85714286
2256831.81818182
2256466.66666667
2255311.11111111
2255011.11111111
2254355.26315790
2253446.15384615
2253268.18181818
2253566.66666667
2252340
2252595.65217391
2253069.44444444
2252790.90909091
2253134.48275862
2252692.30769231
2252633.33333333
2252040
2251977.77777778
2251236.36363636
2250614.89361702
2251612
2251196
2251069.23076923
2251911.62790698
2252700
2252600
2252400
2251780
2251716.66666667
2251525
2250861.36363636
2249866.66666667
2250806.25000000
2251100
2250792.85714286
2251294.44444444
2251405.26315790
2251650
2251666.66666667
2251719.04761905
2250355.55555556
2249431.42857143
2247966.66666667
2247320
2247366.66666667
2247533.33333333
2246683.33333333
2246711.53846154
2246246.15384615
2246763.63636364
2245887.87878788
2245860
2246600
2246380
2246375.32467533
2245560
2245506.06060606
2244683.33333333
2245705.26315790
2245500
2246571.42857143
2245793.75000000
2245712.50000000
2246778.57142857
2246267.85714286
2245992.85714286
2246566.66666667
2246683.78378378
2246672.72727273
2245860
2246158.33333333
2246392.30769231
2246016.66666667
2246629.16666667
2246600
2246400
2247120
2247175
2246675
2247307.69230769
2246814.28571429
2247660
2246509.52380952
2246362.96296296
2246909.09090909
2247023.07692308
2246100
2245416
2245500
2246713.04347826
2246975
2246474.28571429
2246633.33333333
2246817.39130435
2246366.66666667
2245875
2246483.33333333
2246566.66666667
2246511.11111111
2246229.16666667
2246056.52173913
2245895.65217391
2246233.33333333
2245933.33333333
2246620
2246733.33333333
2246057.69230769
2244641.93548387
2244600
2243381.01265823
2242680
2242650
2242920
2243014.28571429
2242700
2242550
2242789.47368421
2242923.52941177
2243450
2243120
2243637.50000000
2243325
2243706.25000000
2245420.68965517
2245816.66666667
2245580
2245311.53846154
2246080
2245922.22222222
2246058.82352941
2245094.44444444
2245040
2245000
2244487.50000000
2245362.50000000
2245400
2245483.33333333
2245300
2245700
2245523.80952381
2245100
2245320
2246300
2246073.33333333
2246060
2246361.11111111
2246804.54545455
2247304.76190476
2248056
2247986.66666667
2247766.66666667
2247654.54545455
2247212.50000000
2246189.47368421
2245733.33333333
2245440
2245550
2247237.20930233
2247270
2246760
2248150
2246185.71428571
2246611.11111111
2246871.42857143
2246958.82352941
2246300
2245587.50000000
2246450
2246128.57142857
2246150
2246000
2245642.85714286
2245550
2245726.66666667
2245822.22222222
2245337.03703704
2243724.32432432
2242000
2241395.23809524
2241831.25000000
2241915.38461538
2242175
2241763.63636364
2241583.33333333
2241128.75000000
2239128.57142857
2238825
2237710.32608696
2237159.09090909
2236561.11111111
2236190
2235670.83333333
2236068
2236700
2236417.64705882
2236966.66666667
2237075
2237217.64705882
2239740.44943820
2240705.76923077
2239244.68085106
2238240
2239265
2238387.50000000
2239676.05633803
2239625
2238921.05263158
2238200
2237923.59550562
2237165
2238055.55555556
2237544.44444444
2237473.33333333
2237300
2237733.33333333
2237280
2237600
2238834.78260870
2239750
2240054.54545455
2239572.72727273
2239400
2238900
2239200
2238850
2238833.33333333
2239421.42857143
2239650
2239028.57142857
2239250
2239383.33333333
2239200
2239633.33333333
2239452.63157895
2238603.48837209
2237477.77777778
2237192.30769231
2237592
2237800.86206897
2236629.16666667
2236214.28571429
2235622.22222222
2235850
2235316.66666667
2236344.44444444
2236090
2235747.05882353
2236600
2235872.22222222
2234697.72727273
2234200
2234966.66666667
2234380
2234150
2233900
2234100
2234731.25000000
2235437.50000000
2236108.33333333
2235428.57142857
2235102.85714286
2234910
2234975
2234400
2232874.54545455
2234003.70370370
2234000
2234815.78947368
2235133.33333333
2235505.55555556
2235546.15384615
2235517.64705882
2236150
2235841.66666667
2236098
2236859.37500000
2236640
2236141.17647059
2235486.04651163
2234400
2234180
2233875
2234833.33333333
2234356.52173913
2234555.55555556
2234804.34782609
2235100
2234934.37500000
2234859.09090909
2234700
2235500
2235262.85714286
2234800
2234593.33333333
2234180
2233042.85714286
2233550
2233075
2233184.37500000
2233420
2233963.88888889
2235169.56521739
2235287.17948718
2233980
2233772.72727273
2233630
2234742.10526316
2234734.78260870
2234330.76923077
2234477.77777778
2234488.88888889
2233968.75000000
2234118.18181818
2234775
2234932.50000000
2235291.66666667
2235180
2234150
2234200
2235053.84615385
2235490.90909091
2235700
2235650
2235719.23076923
2234827.27272727
2235140
2235986.66666667
2235762.50000000
2235642.85714286
2235400
2235300
2235338.46153846
2235600
2235325
2235526.66666667
2235329.41176471
2235725
2237392.59259259
2236576
2236804.16666667
2238158.06451613
2238171.42857143
2239448
2239196.96969697
2239107.14285714
2239184.61538462
2238812.50000000
2239133.33333333
2238916.66666667
2238157.14285714
2237245.45454545
2238425
2237919.04761905
2237883.33333333
2237850
2236422.64150943
2236409.67741935
2237124
2238114.70588235
2237811.11111111
2238257.14285714
2238740
2238572.72727273
2238740
2239015.38461538
2239818.91891892
2239414.28571429
2239580
2239328.57142857
2238900
2240000
2239100
2239900
2239061.90476191
2238800
2239200
2238613.04347826
2237616.66666667
2237800
2237992.85714286
2238080
2238441.66666667
2238600
2239500
2238831.25000000
2238800
2237910
2237854.54545455
2238280
2239412.50000000
2238644.44444444
2239200
2238050
2238685.71428571
2238414.28571429
2236967.08860760
2236400
2235970.58823529
2235953.84615385
2235880
2236033.33333333
2236508.51063830
2236465.62500000
2236817.64705882
2236436.36363636
2236219.23076923
2235788.88888889
2236138.88888889
2236077.41935484
2235709.37500000
2235600
2234973.68421053
2234417.64705882
2233718.86792453
2234260
2235225
2235313.63636364
2234875
2234133.33333333
2234220
2233925
2234339.39393939
2234526.66666667
2234443.75000000
2235157.50000000
2235595
2236184.61538462
2236250
2236393.33333333
2236066.66666667
2235350
2236810.52631579
2237323.52941177
2237570
2236733.33333333
2237606.89655172
2236966.66666667
2237162.50000000
2237250
2236916.66666667
2237706.25000000
2237495.23809524
2237647.05882353
2238050
2237840.90909091
2237871.42857143
2238650
2238225.42372881
2237728.57142857
2237350
2237440.90909091
2238300
2237442.85714286
2236986.36363636
2237531.57894737
2238050
2237133.33333333
2237871.42857143
2237900
2237172.72727273
2236065.21739130
2235737.50000000
2235216.66666667
2235612.50000000
2235854.54545455
2236163.15789474
2235963.15789474
2235400
2234797.05882353
2234666.66666667
2234821.05263158
2233500
2234128.57142857
2233321.21212121
2232792.98245614
2232822.22222222
2233837.50000000
2232700
2233525
2234285
2234978.57142857
2236066.66666667
2236680
2236617.64705882
2236400
2234918.42105263
2234906.45161290
2234978.43137255
2235523.07692308
2235560
2236452.63157895
2237100
2237000
2237100
2237050
2236400
2236309.09090909
2235775
2236221.73913043
2236389.65517241
2236284.61538462
2236312.50000000
2235675
2234360.71428571
2234129.41176471
2234126.66666667
2234613.63636364
2235484.84848485
2236336.84210526
2236600
2235015.66265060
2234377.27272727
2234844
2234377.77777778
2234300
2235000
2234418.18181818
2233805.26315790
2231854.91803279
2230449.15254237
2230030.76923077
2228763.63636364
2228517.39130435
2227555.17241379
2226768.29268293
2227488.88888889
2227260
2227507.69230769
2227620
2224883.20610687
2223345.45454545
2222838.70967742
2222472.72727273
2222388.23529412
2222050
2221825
2220862.50000000
2220000
2220000
2221433.33333333
2222171.42857143
2221943.75000000
2221360
2221966.66666667
2221450
2221312.50000000
2220433.33333333
2219759.42028986
2219376.92307692
2218670.58823529
2218467.74193548
2219108.69565217
2220079.10447761
2220916.88311688
2221200
2221150
2221525
2220976
2221855.55555556
2221618
2222541.17647059
2223276.92307692
2224108.18181818
2225580
2225500
2225753.33333333
2225433.33333333
2224953.84615385
2224433.33333333
2224228.57142857
2223975
2224043.75000000
2223540
2223300
2223850
2223558.33333333
2223500
2223895
2224153.33333333
2223900
2224216
2225366.66666667
2225280.76923077
2225183.92857143
2224569.23076923
2224805.88235294
2225006.25000000
2225489.28571429
2225000
2225560
2226625
2226260
2226044
2225185
2225137.14285714
2225142.85714286
2225886.90476191
2225800
2225880
2225700
2226000
2225100
2225250
2224200
2223714.28571429
2224240
2224100
2223322.22222222
2222516.66666667
2222800
2222310
2223127.50000000
2224690
2224400
2224181.81818182
2224225
2223841.49659864
2223395.77464789
2224007.27272727
2224019.75308642
2224500
2224317.39130435
2224611.11111111
2224278.57142857
2223359.25925926
2223494.28571429
2223300
2223860
2224469.56521739
2224813.79310345
2225929.16666667
2225661.53846154
2225466.66666667
2226700
2226700
2225689.63414634
2224423.45679012
2224210.34482759
2224400
2224514.28571429
2223657.14285714
2223888.88888889
2223466.66666667
2223920
2223266.66666667
2223533.33333333
2223745.45454545
2224915.62500000
2224434.54545455
2225122.35294118
2225041.50943396
2225982.35294118
2226420
2226393.33333333
2226800
2225436
2225775
2225550
2225066.66666667
2225909.09090909
2225425
2225466.66666667
2224521.66666667
2223386.95652174
2222658.33333333
2221783.33333333
2222058.33333333
2222303.44827586
2222800
2223155.55555556
2223100
2222500
2222766.66666667
2223040.90909091
2223307.50000000
2222753.84615385
2222460
2222750
2222656.25000000
2223200
2223085.71428571
2223924
2223908.33333333
2224820
2225360
2225176
2225441.93548387
2225625
2225740
2224893.33333333
2224200
2226000
2224887.50000000
2225087.50000000
2225447.61904762
2225880.95238095
2226846.15384615
2226678.68852459
2226144.44444444
2225867.39130435
2225704.54545455
2225309.82142857
2226100
2225276.92307692
2225700
2225350
2225677.04918033
2225595.23809524
2225495.23809524
2225500
2226100
2225521.42857143
2225690.90909091
2225800
2225627.77777778
2225800
2225700
2225740
2226300
2226106.66666667
2226380
2226344.44444444
2226500
2226243.47826087
2225950
2226411.11111111
2226300
2226214.28571429
2226747.05882353
2226708.33333333
2226016.66666667
2225600
2226586.44067797
2226420.45454545
2225671.62162162
2225894.73684211
2225720
2225400
2225900
2225535.71428571
2225066.66666667
2225486.66666667
2226446.42857143
2226746.15384615
2226348.43750000
2226566.66666667
2227000
2226500
2226372.22222222
2226560.86956522
2226580
2226326.31578947
2226006.66666667
2226240
2226615.78947368
2226767.56756757
2226387.03703704
2226407.89473684
2226386.36363636
2226465.62500000
2227396.96969697
2227244.44444444
2227430
2227700
2227933.33333333
2227660
2227462.50000000
2226833.92857143
2227472.72727273
2227540
2227475
2227566.66666667
2226971.42857143
2226800
2227214.28571429
2227800
2227766.66666667
2227241.66666667
2227775
2227637.93103448
2227200
2227528.57142857
2227850
2227407.69230769
2227200
2227600
2227652.94117647
2228133.33333333
2227414.28571429
2227162.50000000
2227770
2227766.66666667
2227425
2227073.84615385
2226788.46153846
2227276.92307692
2226800
2226866.66666667
2227175.55555556
2227342.85714286
2227100
2226906.66666667
2225750
2225612.50000000
2225650
2225836.36363636
2225000
2225595
2224410.52631579
2224237.50000000
2225150
2225180.76923077
2224885.71428571
2225557.14285714
2225900
2226800
2226800
2227191.17647059
2227250
2226781.81818182
2226658.62068966
2226778.57142857
2226945.45454545
2226760
2227543.75000000
2227550
2227125
2226900
2227894.73684211
2228528.57142857
2228646.66666667
2230043.47826087
2229227.39726027
2227816.66666667
2228310
2228187.87878788
2227856.25000000
2226755.26315790
2226437.73584906
2225950
2226097.87234043
2225700
2225958.65384615
2225185.71428571
2225753.84615385
2225040
2225700
2225727.27272727
2226900
2227600
2226000
2226050
2226850
2227230.76923077
2228326.22950820
2227988.88888889
2229163.63636364
2229707.14285714
2230212.50000000
2230355.55555556
2229790.90909091
2229320
2229500
2229385.71428571
2228902.94117647
2228608.33333333
2227480
2227221.05263158
2227792.30769231
2227061.11111111
2226100
2226566.66666667
2226342.18750000
2226600
2226675
2226487.17948718
2226775
2226153.33333333
2226246.15384615
2226800
2226916.66666667
2227000
2227000
2225829.60000000
2225354.16666667
2225721.42857143
2224966.66666667
2225652
2226361.11111111
2226585.71428571
2225615.55555556
2225787.50000000
2225655.55555556
2225116.66666667
2225466.66666667
2225177.77777778
2224808.82352941
2224765.21739130
2226788.88888889
2226494
2226695.45454545
2226890
2227700
2226871.42857143
2227597.77777778
2227969.23076923
2227284.09090909
2226622.58064516
2226236.36363636
2225600
2225889.09090909
2226172.97297297
2226338.46153846
2226610
2226186.27450980
2225582
2225596.29629630
2225751.16279070
2225143.75000000
2225857.14285714
2225908.57142857
2224905.43478261
2225370.83333333
2225442.50000000
2225705.26315790
2225726.19047619
2225083.33333333
2225550
2224650.90909091
2224214.28571429
2224480
2224085.71428571
2224755.17241379
2224651.21951220
2224926.66666667
2224740
2224745.45454545
2224266.66666667
2224000
2223388.23529412
2222494.73684211
2221875
2221791.66666667
2221618.75000000
2222200
2222092.59259259
2222941.66666667
2223666.66666667
2224200
2224000
2223937.50000000
2222665.71428571
2222452.94117647
2221900
2221500
2221857.14285714
2222052.77777778
2220044.52554745
2219145.94594595
2218403.33333333
2218011.47540984
2216501.61290323
2216359.37500000
2217000
2216348.33333333
2216229.54545455
2216222.22222222
2216866.66666667
2218030.43478261
2217641.66666667
2218848.38709677
2220112.82051282
2220757.14285714
2220255.55555556
2221800
2221414.28571429
2220226.92307692
2220328.81355932
2219612.50000000
2219780.55555556
2219514.45783133
2218246.66666667
2218037.50000000
2217700
2219079.16666667
2219362.96296296
2219377.27272727
2219460
2220166.66666667
2220500
2220653.33333333
2220283.33333333
2220223.80952381
2220500
2220130
2219808.33333333
2220140.62500000
2220750
2221000
2219752.63157895
2219585.36585366
2219445.71428571
2218752.63157895
2218900
2217770.96774194
2218038.09523810
2217845.45454545
2217837.50000000
2217393.10344828
2217500
2216923.07692308
2217211.53846154
2217493.75000000
2216005.55555556
2215663.15789474
2215826.66666667
2216314.28571429
2216800
2217419.14893617
2217884.61538462
2217766.66666667
2217846.15384615
2217738.09523810
2217938.46153846
2218750
2218946.42857143
2218828.33333333
2217988.54166667
2218242.85714286
2217409.09090909
2218045.83333333
2218216
2218234.78260870
2218633.33333333
2218490
2218266.66666667
2218175
2219547.22222222
2219560
2220283.65384615
2219150
2219177.77777778
2219000
2219400
2218700
2218611.11111111
2219600
2219550
2219130.55555556
2219517.64705882
2219425
2218981.81818182
2219200
2219015.38461538
2220168.57142857
2220007.14285714
2220133.33333333
2219744.44444444
2218950
2218994.93670886
2218798.36065574
2218800
2219000
2219472.72727273
2219852.94117647
2219550
2218527.27272727
2218244.44444444
2218529.72972973
2218075
2218400
2218300
2217361.11111111
2217616.66666667
2217650
2217482.35294118
2217750
2218525
2217700
2216975
2217000
2217425
2217430
2217164.51612903
2216620
2216616.66666667
2216537.50000000
2217200
2216633.33333333
2216569.23076923
2216440.62500000
2215458.33333333
2215555.55555556
2214822.72727273
2214097.56097561
2213550
2214152.08333333
2215779.06976744
2215920
2215800
2214942.85714286
2214977.27272727
2213800
2214000
2214400
2214400
2214890.56603774
2214955
2214360
2213973.33333333
2213209.83606557
2213106.66666667
2212800
2213035
2213200
2214006.38297872
2213642.85714286
2212761.53846154
2212800
2213500
2213150
2212500
2212900
2212760
2213140
2213300
2212633.33333333
2213128.57142857
2212171.66666667
2212050
2211663.63636364
2211716.66666667
2212166.66666667
2212033.33333333
2212300
2212125
2212361.11111111
2211300
2211216
2212254.54545455
2211700
2211365.21739130
2211718.18181818
2210636.84210526
2209246.66666667
2209081.25000000
2209100
2209150
2209966.66666667
2210973.52941177
2211737.14285714
2211750
2211226.47058824
2209700
2210070
2210844.73684211
2211509.09090909
2210734.78260870
2210096.66666667
2210150
2211000
2211230
2211761.11111111
2212288.88888889
2212865.21739130
2213066.66666667
2213000
2212103.44827586
2211736.36363636
2211846.51162791
2211366.66666667
2211763.63636364
2211196
2210887.50000000
2210977.14285714
2210545.83333333
2211430
2212140
2211708.47457627
2211988.88888889
2211778.57142857
2211990
2211816.66666667
2211488.88888889
2213089.78102190
2213653.57142857
2213666.66666667
2213210.52631579
2213032.25806452
2213055
2212826.08695652
2213428.57142857
2213433.33333333
2213300
2213043.75000000
2212162.96296296
2210873.33333333
2211350
2210966.66666667
2210960
2211642.85714286
2211600
2211766.66666667
2211200
2211333.33333333
2211381.81818182
2211750
2211370
2210680
2209636.53846154
2209250
2209023.21428571
2209326.66666667
2209475
2209100
2209073.33333333
2208668.75000000
2208428.57142857
2207625
2207595.65217391
2208182.75862069
2208254.83870968
2208562.50000000
2208664.51612903
2208984.21052632
2209514.70588235
2210337.50000000
2210535
2211085.71428571
2211129.62962963
2212448.71794872
2213333.33333333
2213652.63157895
2214564.86486487
2215100
2214013.88888889
2213405.88235294
2214567.92452830
2213740
2213737.50000000
2213990
2214714.28571429
2214071.42857143
2214493.33333333
2214543.75000000
2214450
2214500
2214266.66666667
2214733.33333333
2214700
2214366.66666667
2213872.22222222
2213884.61538462
2213980
2213550
2214016.66666667
2213872.72727273
2214100
2213841.66666667
2213960
2214700
2214160
2213600
2214160
2213866.66666667
2214322.22222222
2214300
2214500
2214500
2214438.46153846
2213900
2214466.66666667
2214710.71428571
2215377.77777778
2214740
2214944.44444444
2215036.84210526
2214815.38461538
2215275
2215740
2215702.43902439
2215512.50000000
2215500
2215850
2215809.09090909
2215700
2215325
2215850
2215333.33333333
2215683.33333333
2215400
2215166.66666667
2215840
2216875
2217211.11111111
2216792.30769231
2216042.85714286
2215800
2216150
2216708.33333333
2216450
2216871.42857143
2218569.23076923
2219094.11764706
2218786.66666667
2218906.66666667
2218393.54838710
2218900
2218900
2217566.66666667
2217925
2219050
2218266.66666667
2218016.66666667
2218300
2219050
2219346.66666667
2218955.55555556
2218900
2218850
2218750
2218316.66666667
2218600
2217673.68421053
2218237.50000000
2217100
2217492.85714286
2216651.16279070
2216566.66666667
2215516.66666667
2215662.16216216
2217350.28571429
2218125
2218076
2217900
2217812.50000000
2217892.68292683
2218160
2218087.09677419
2217477.77777778
2216657.14285714
2216550
2216300
2215958.33333333
2216828.57142857
2217523.52941177
2217044.44444444
2217738.46153846
2217650
2218566.66666667
2217983.33333333
2217695.83333333
2217505.55555556
2216866.66666667
2216985
2216981.48148148
2216270.58823529
2216179.16666667
2216260
2216466.66666667
2216362.50000000
2216025.58139535
2215589.28571429
2216006.25000000
2215346.66666667
2214981.81818182
2214725
2214800
2214850
2214241.66666667
2215963.63636364
2216152.38095238
2215791.66666667
2215111.76470588
2216300
2215583.33333333
2215966.66666667
2215497.43589744
2215272.72727273
2214557.14285714
2213673.13432836
2212733.33333333
2213057.89473684
2213000
2213600
2213233.33333333
2213788.88888889
2214390.32258065
2216116.12903226
2216263.63636364
2215300
2215362.96296296
2215000
2215311.11111111
2216050
2215250
2215075
2215422.22222222
2214550
2215300
2215175
2214907.40740741
2214875.86206897
2214900
2214854.54545455
2214550
2214100
2213732
2213015.78947368
2211875
2212584.21052632
2212306.66666667
2213213.79310345
2213437.50000000
2213433.33333333
2212852.17391304
2212816.66666667
2213600
2212800
2213314.28571429
2212775
2212591.30434783
2213000
2212583.33333333
2212800
2212599.64664311
2211662.50000000
2210400
2210986.20689655
2210640.81632653
2210100
2209914.28571429
2209453.33333333
2208950
2208859.25925926
2209175
2208550
2208333.33333333
2208325
2208900
2209337.93103448
2210387.50000000
2211893.75000000
2213030.18867925
2211880.23255814
2210483.33333333
2211041.66666667
2211354.54545455
2211357.14285714
2211671.42857143
2212120
2211872.41379310
2211530
2211950
2211434.48275862
2211751.85185185
2212054.54545455
2212637.50000000
2212683.33333333
2212466.66666667
2212266.66666667
2211945.94594595
2211968.42105263
2211695.45454545
2210735
2210386.20689655
2210560.58394161
2211514.28571429
2211172.72727273
2210633.33333333
2210780
2210015.38461538
2210163.63636364
2209572.72727273
2210061.29032258
2210394.11764706
2210905.88235294
2212088.88888889
2211744.82758621
2211090.90909091
2211810
2212483.33333333
2213420
2213057.14285714
2213093.75000000
2213575
2213400
2213471.42857143
2213525
2213326.31578947
2213180
2212464.10256410
2211386.66666667
2212270.90909091
2212800
2213150
2212804.54545455
2213235.36585366
2212829.78723404
2212244.44444444
2211012.72727273
2210418.51851852
2211033.33333333
2210690.90909091
2210666.66666667
2210800
2210450
2210455.55555556
2210012.50000000
2210150
2210432.50000000
2210552.27272727
2210285
2209378.30188679
2208164.70588235
2208076.47058824
2207285.41666667
2207093.75000000
2209904.66321244
2210117.64705882
2209375
2208386.66666667
2208997.45762712
2209207.69230769
2207829.54545455
2208197.79005525
2207696.29629630
2207500
2207433.33333333
2207252.38095238
2207632.50000000
2209338.81578947
2208800
2208410
2207258.49056604
2206793.33333333
2207607.40740741
2208412.90322581
2209110.90909091
2209612.50000000
2210185.71428571
2209761.53846154
2209453.48837209
2209233.33333333
2209012.96296296
2209600
2209726.66666667
2210113.11475410
2210729.03225806
2210473.52941177
2211173.91304348
2210845.71428571
2210960
2211283.87096774
2211520
2211823.07692308
2211288.73239437
2211441.26984127
2210920
2211331.57894737
2211413.23529412
2210611.47540984
2209487.17948718
2210468
2211276
2211567.56756757
2211573.33333333
2210800
2211920
2211421.42857143
2211507.14285714
2211533.33333333
2211366.66666667
2211733.33333333
2212291.42857143
2212625
2211871.05263158
2211805.40540541
2210517.54385965
2209137.50000000
2209083.33333333
2208930.43478261
2209294.28571429
2208882.35294118
2208866.66666667
2209230.55555556
2208902
2208619.04761905
2208210
2208533.33333333
2208271.42857143
2207820
2208127.27272727
2208471.42857143
2208884.48275862
2208944.44444444
2209376.31578947
2209471.92982456
2209555.10204082
2209356.25000000
2209470.58823529
2209100
2208571.01449275
2206493.33333333
2207064.51612903
2206787.50000000
2206695.65217391
2206700
2207235
2206319.04761905
2206353.84615385
2206488.46153846
2206634.46327684
2206184.61538462
2206925.80645161
2207954.54545455
2208423.80952381
2209459.37500000
2208812.12121212
2209133.33333333
2209608.51063830
2209531.81818182
2209330
2209523.07692308
2209481.81818182
2209705.12820513
2209650
2209080
2210334.69387755
2210948.78048780
2209880.95238095
2209489.65517241
2209840
2209666.66666667
2210224.13793103
2210686.48648649
2210140
2210457.89473684
2209152.94117647
2208738.88888889
2209135.59322034
2210023.68421053
2209244.26229508
2209216
2210469.35483871
2211235
2210431.57894737
2209923.07692308
2209866.66666667
2210680.43478261
2210645.83333333
2210800
2211164
2211658.33333333
2211493.75000000
2211900
2212367.85714286
2212542.85714286
2212284.61538462
2211961.11111111
2211837.50000000
2212396.77419355
2212966.66666667
2212940
2213146.15384615
2212405.17241379
2212368.08510638
2211483.33333333
2211573.68421053
2211538.29787234
2210837.50000000
2211125.92592593
2211612.12121212
2211600
2211455.73770492
2211733.33333333
2210940.90909091
2211076
2211856.52173913
2211346.87500000
2212071.21212121
2212000
2211581.92771084
2210411.90476191
2209723.80952381
2209589.36170213
2208864.47368421
2207811.11111111
2208368.42105263
2208723.80952381
2209353.33333333
2209180
2209508.10810811
2208575.47169811
2208652.85714286
2209670
2210021.01449275
2210847.36842105
2210447.91666667
2209560.34482759
2208825
2209705.88235294
2209831.81818182
2210416.66666667
2210690.47619048
2210567.56756757
2210390
2209807.04225352
2209395.16129032
2209588.33333333
2209096.42857143
2207606.16438356
2206184.46601942
2206256.97674419
2206011.76470588
2206172.72727273
2207169.04761905
2207050
2206718.75000000
2206598.03921569
2206620
2206557.14285714
2206561
2206390.90909091
2206950
2208436.11111111
2207976.36363636
2209135.59322034
2209029.62962963
2208461.70212766
2207889.65517241
2207690.25974026
2208248.14814815
2207892
2208137.14285714
2208512.50000000
2208291.83673469
2207647.50000000
2207690.19607843
2208095.83333333
2207913.55932203
2207691.48936170
2207728.57142857
2207882.35294118
2207978.57142857
2208340
2208055.55555556
2207815.15151515
2207612.85714286
2207346.49122807
2206480.48780488
2206207.52688172
2206494.20289855
2206883.23353293
2206703.52112676
2205961.00917431