5857024.39759036
5855632.72727273
5855350
5856616.40211640
5855464.70588235
5855098.22222222
5854639.55696203
5854653.89610390
5854997.58771930
5851875.49019608
5849487.50000000
5851900.61601643
5851927.61194030
5852107.87401575
5850914.28571429
5852078.62595420
5850745.55555556
5850951.94805195
5853589.60739030
5854000
5860391.68307087
5868639.00523560
5864177.07423581
5863859.11111111
5869027.11864407
5872345.60669456
5875425.80645161
5873180.36529680
5872425.70093458
5872915.06849315
5872337.23404255
5870433.87096774
5868711.11111111
5867737.19512195
5866974.54545455
5866472.83950617
5865864.64646465
5865835.71428572
5867948.93111639
5872628.50000000
5872541.83445190
5872014.82889734
5875339.92248062
5873384.33333333
5872992.85714286
5872070.75098814
5871597.70992366
5872429.11392405
5870837.06070288
5868582.40740741
5867456.68449198
5861304.66321244
5859025.41806020
5857509.52380952
5861226.98706100
5860133.80952381
5860783.41708543
5863520.23809524
5863073.89162562
5862381.63265306
5863037.57575758
5862544.96644295
5861320
5862097.95918367
5860182.05128205
5861562.14285714
5860872.93233083
5863514.70588235
5863887
5865513.55932203
5862688
5863751.38888889
5863639.09090909
5862081.48148148
5861127.41935484
5862019.84732825
5862750.22222222
5863552.27272727
5863184.82142857
5864568.11594203
5864921.35416667
5863380.36809816
5861340.80000000
5863471.34146342
5864764.03508772
5864277.39726027
5865086.95652174
5863690.41095890
5866036.58536585
5866209.30232558
5867106.36363636
5868050
5867242
5866635.21126761
5866865.58704453
5865113.86138614
5863561.34453782
5864826.49006623
5863233.81294964
5864923.38709677
5862844.44444444
5862648.62385321
5861668.62745098
5861953.33333333
5863405.66037736
5863330.43478261
5864797.53086420
5863641.50943396
5863038.88888889
5861585.47486034
5861461.44578313
5862526.19047619
5863824.67532468
5865465.03067485
5866377.83783784
5864604.97630332
5863800
5863037.58389262
5863099.18699187
5860496.66666667
5858443.90243902
5858492.01877934
5857323.07692308
5860048.56687898
5860622.50000000
5862192.05776173
5862220.92198582
5861286.89320388
5863518.10810811
5864553.65853659
5865672.72727273
5865151.72413793
5866137.62711864
5866498.24561404
5865757.85123967
5866321.16402116
5867083.43558282
5870139.89769821
5871812.50000000
5869992.04152249
5868677.83933518
5867335.38461539
5867925.53191489
5868030.48780488
5868725
5869372.46376812
5867988.23529412
5866402.31023102
5865610.46831956
5863896.51972158
5862451.73267327
5860555.92885376
5859976.92307692
5860427.86885246
5861650
5860920.32967033
5859233.68794326
5859989.48948949
5858869.11764706
5859687.13450292
5859342.15686275
5859409.61538462
5859357.14285714
5860120.38834951
5860511.66666667
5861002.70270270
5860691.66666667
5860039.13043478
5860214.54545455
5861062.05533597
5861077.22772277
5860915.46961326
5860302.04081633
5859721.05263158
5859788.88888889
5860045.45454545
5859760.41666667
5859247.79411765
5860254.41176471
5859824
5855486.42857143
5853229.81132076
5855703.71093750
5857303.26576577
5858219.36619718
5857097.93814433
5857224.63343109
5858485.67493113
5860406.75105485
5862386.60968661
5860314.75054230
5859357.54716981
5860215.57377049
5861558.11518325
5859261.45251397
5855814.72019465
5855708.12500000
5855340
5852729.39866370
5851365.60846561
5851206.28272251
5851181.02189781
5851032.30769231
5852570.54545455
5852367.75431862
5851345.62737643
5847197.02072539
5844372.44897959
5844763.73626374
5845443.02325581
5845859.43060498
5844420.81447964
5846237.14689266
5848432.21957041
5848659.36507937
5847272.62569832
5847487.33333333
5846849.42528736
5848250
5848714.94845361
5848538.75000000
5846961.82336182
5846234.42622951
5846891.34615385
5847796.34146342
5848067.60563380
5846978.78787879
5847366.95652174
5847771.83908046
5850397.59206799
5853075.80174927
5854047.04724409
5853064.20118343
5851305.84415584
5851226.25000000
5850811.45833333
5851993.99624766
5850477.67857143
5850428.02197802
5850406.80061824
5849658.01104972
5848951.16279070
5847878.01047120
5847721.42857143
5848241.90476191
5849773.23943662
5850043.13725490
5850521.23893805
5851185.84905660
5850916.05839416
5852035.48387097
5853306.68693009
5855203
5857788.68778281
5857920.13888889
5857176.37795276
5857299.15254237
5857878.21782178
5860626.99228792
5862003.70370370
5860783.33333333
5859612.56830601
5860192.07317073
5858160
5857639.94845361
5857235.33333333
5857884.16666667
5857266.66666667
5858107.29166667
5858864.74820144
5860709.64125561
5861055.96330275
5861624.16107383
5860386.64122137
5860018.12080537
5861058.33333333
5860956.89655172
5860074.16666667
5860245.80152672
5860951.89873418
5863687.26655348
5864894.29223744
5863623.33333333
5864172.61904762
5863938.02816901
5864099.31034483
5863953.12500000
5866180.88235294
5864905.39419087
5864168.80733945
5864100.50675676
5862416.21621622
5862454.42477876
5863362.82051282
5863164.94845361
5862063
5862769.31818182
5862677.61904762
5862715.44117647
5862365.03496504
5862556.81818182
5862424.81751825
5862152.17391304
5861450.56179775
5861686
5861823.25581395
5861812.50000000
5862936.02150538
5863003.78787879
5861825.85227273
5860595.16129032
5861265.30612245
5860607.31707317
5859002.01342282
5858923.80952381
5858149.74874372
5857911.95652174
5857666.99507389
5858007.73809524
5857600.81967213
5858372.26890756
5859758.33333333
5859526.88172043
5858681.66666667
5859260.60606061
5858978.48101266
5859452.67175573
5859250
5859608.23529412
5859145.12195122
5858642.85714286
5859003.84615385
5859579.36507937
5857200
5856150
5854170.14218009
5853426.79425837
5854940.93567252
5855050.52631579
5855731.69014085
5856458.38509317
5855569.10569106
5854560.80000000
5855952.11267606
5855907.50000000
5856840.13605442
5856858.59872611
5855713.95348837
5855284.88372093
5855088.46153846
5855722.58064516
5855463.73626374
5854978.04878049
5854598.27586207
5854719.60784314
5856989.34280639
5857551.51515152
5857438.37209302
5857631.28205128
5857133.33333333
5857439.10891089
5856918.56540084
5856606.45161290
5856210.71428572
5855650.52631579
5855893.10344828
5855797.07602339
5855588.31168831
5856685.84905660
5857033.66336634
5858446.53465347
5857969.73684211
5858484.61538462
5857841.30434783
5857621.27659574
5858315.15151515
5857384.89208633
5855731.72413793
5856352.94117647
5855744
5855655.44554456
5855612.63157895
5855064.81481481
5855439.47368421
5855948.70466321
5855325.60553633
5855895.37037037
5856268.81720430
5856211.42857143
5857187.64478765
5857959.90338164
5860213.22314050
5861692.81045752
5861968.51851852
5861737.56613757
5863474.80620155
5863230.19480520
5863126.28865979
5861157.66129032
5861404.67289720
5860675.47169811
5860263.53591160
5858705.26315790
5859990.23437500
5861243.75000000
5859578.26086957
5860061.12600536
5859774.44933921
5860562.60162602
5859663.03501946
5860082.90322581
5860953.48837209
5861494.89795918
5861461.31687243
5861792.85714286
5861203.75939850
5860385.73141487
5859614.67889908
5861244.68085106
5862269.41176471
5861922.97297297
5862139.08045977
5862623.50877193
5861811.11111111
5861243.42105263
5860930.06993007
5861965.28925620
5864012.36559140
5864719.50207469
5865324.44444444
5865659.61538462
5866254.79452055
5866078.99159664
5866434.78260870
5866127.04918033
5864178.49462366
5864687.65432099
5864905.66801619
5864083.58208955
5863873.95833333
5863684
5862962.96296296
5863216.16161616
5864175.92592593
5864562.45059289
5864442.85714286
5864852.10084034
5864137.22627737
5865242.78074866
5866100.51282051
5866813.93442623
5868559.17602996
5870033.71298405
5871460.40816327
5871635.63829787
5871028.92156863
5872643.85964912
5871291.97860963
5870322.64150943
5870625.58139535
5870204.85436893
5870625.71428572
5871040.90909091
5870086.48648649
5869436.18090452
5869221.21212121
5869952.50000000
5869889.38053097
5870740.69767442
5871001.85185185
5871541.49659864
5871855.07246377
5872416.43835617
5872873.07692308
5873210.56338028
5872739.21568628
5871961.53846154
5870573.86363636
5870644.87179487
5870134.95145631
5869645
5869542.50000000
5869343.66197183
5868392.15686275
5869002.63157895
5870488.33333333
5870998.94179894
5870765.21739131
5870254.16666667
5870716.59751037
5872385.71428572
5872318.71345029
5874050
5875963.28671329
5878160.94890511
5878685.42510122
5879309.59595960
5879812.05673759
5879314.89361702
5879459.74025974
5879065.35433071
5880251.68831169
5879795.16129032
5880375.14124294
5880595.16129032
5880388.11881188
5879340.17094017
5879434.53608247
5880576.92307692
5881268.75000000
5881021.09375000
5880690.29126214
5880657
5880783.91608392
5880342.45283019
5878349.81273408
5877192.70072993
5878161.15702479
5878764.46280992
5879076.31578947
5878400
5877352.50000000
5877112.57485030
5877720.93023256
5876285.78431373
5875565.82278481
5876273.21428572
5875971.09826590
5875352.36051502
5876650.64935065
5875798.45360825
5875691.77489178
5875960.24096386
5875860
5877059.18367347
5878056.77655678
5878578.57142857
5878451.41509434
5879728.49162011
5878869.65517241
5878845.45454545
5878930.36649215
5877510
5876700
5875190.55555556
5874329.82456140
5873566.42335767
5875094.02173913
5874654.67625899
5874654.68750000
5874172.94117647
5873868.88888889
5872425.19379845
5871016.80000000
5870648.92703863
5869975.52083333
5870353.80434783
5870069.75806452
5868997.25490196
5868880.53691275
5868650.74906367
5868818.39622642
5868840.41095890
5868361.29032258
5869922.72727273
5870495.34883721
5870548.55491329
5868425.66666667
5868233.33333333
5868229.27927928
5868266.30434783
5867936.84210526
5869449.03225806
5869676.62337662
5869327.08333333
5867524.82993197
5868090.02932551
5867862.70270270
5867071.21212121
5866484.11214953
5866001.76991150
5864047.85100287
5862678.09917355
5864327.31092437
5864569.30232558
5864838.67924528
5864958.40707965
5866618.32460733
5866306.85714286
5865468.42105263
5865051.44230769
5865257.82312925
5864213.63636364
5862452.63157895
5861909.44881890
5859292.32365145
5859455.51724138
5859011.93181818
5859815.10791367
5859754.43037975
5859651.07142857
5859434.12322275
5860696
5860820.52980133
5860666.66666667
5861836.43724696
5862149.60000000
5861826.47058824
5862012.16216216
5862493.54838710
5862263.46153846
5862196.22641509
5860606.98689956
5860670
5860466.23376623
5860585.16129032
5861078.32167832
5861121.07843137
5860633.55263158
5860012.65822785
5857935.93750000
5855114.65517241
5855806.87500000
5854029.41919192
5854981.32911392
5857163.54679803
5857133.72093023
5856420.73394495
5855116.82692308
5855558.46153846
5855775.83333333
5855520.21276596
5854720.73170732
5855513.84615385
5856988.23529412
5856991.51291513
5856766.25514403
5857302.90322581
5857928.08988764
5858283.80952381
5858883.83838384
5860125.96491228
5860447.31182796
5859974
5859957.53424658
5860371.29629630
5860096.34146342
5860955.12820513
5861539.77272727
5861279.06976744
5861059.89583333
5861534.49477352
5861973.64864865
5862719.52662722
5863255.29595016
5862455.11811024
5862903.58422939
5862764.75409836
5862803.34928230
5862365.94202899
5862754.07407407
5862293.10344828
5861215.66265060
5860941
5860604.31654676
5859540.35087719
5860103.06122449
5860803.37078652
5859908.85608856
5858953.53535354
5858996.75324675
5859843.90243902
5860406.52173913
5860079.39698493
5859851.16279070
5860901.73410405
5860552.77777778
5858974.10714286
5859811.26760563
5858660.60606061
5858680
5859648.32713755
5858513.82113821
5858325.53191489
5858051.92307692
5858582.43243243
5858800
5859383.33333333
5856825.80645161
5857700
5856224.16666667
5855559.11949686
5854845.95375723
5854668.46846847
5855160.98901099
5854930.72289157
5855757.97101449
5856166.20689655
5855801.68067227
5853757.71428572
5852994.30379747
5853421.89781022
5853494.76190476
5853855.55555556
5853874.73118280
5854163.00578035
5853581.42857143
5854967.51592357
5854405.51181102
5855041.58415842
5854923.42342342
5855483.72093023
5855800
5855492.63157895
5855856.88073395
5855876.53061225
5855320.38834951
5854466.66666667
5855433.87096774
5856379.41176471
5855310.42944785
5854808.06451613
5854352.94117647
5855182.33438486
5854480.26315790
5854746.66666667
5854070.37037037
5854210.81081081
5854697.26027397
5854310.48387097
5854079.31034483
5853510.14492754
5853504.30107527
5853128
5853050
5853715.50387597
5853783.49514563
5854231.94444444
5853679.06976744
5853973.33333333
5853873.88535032
5851871.00213220
5852623.04964539
5851453.90946502
5849778.99408284
5848525
5849342.40506329
5848929.41176471
5848686.01036269
5849544.50261780
5849906.66666667
5849467.57990868
5849254.63414634
5847521.90812721
5846093.20652174
5846891.51376147
5846588.29174664
5846206.02409639
5846804.13793104
5846380.41237113
5846442.18750000
5846464.61538462
5846673.94957983
5847685.78431373
5848906.30630631
5849154.44444444
5848853.73134328
5849171.29629630
5849062.16216216
5848984.61538462
5848531.37254902
5848713.43283582
5850089.95815900
5850723.04832714
5851189.72602740
5851279
5852234.83412322
5852597.26027397
5852990
5852559.79381443
5851680
5850630.80168776
5849622.47191011
5849985.54216868
5849635.29411765
5847497.95620438
5847514.16666667
5847200
5849087.27272727
5848133.05084746
5848514.41441441
5847932.92682927
5848547.00854701
5847619.44444444
5848040.36144578
5848803.09278351
5848975.23809524
5849350
5849309.25925926
5848773.36956522
5846852.80373832
5846404.22535211
5846979.51807229
5847486.95652174
5846678.57142857
5847263.90532544
5847708
5846931.84713376
5846993.03482587
5847002.38095238
5846632.62411348
5848184.29752066
5849156.08108108
5849656.14754098
5850395.83333333
5851931.89189189
5851380
5849921.81818182
5851041.96428572
5851181.17647059
5850940.47619048
5850728.33787466
5851094.96855346
5851664
5852091.30434783
5850521.51898734
5850759.64912281
5851310.47619048
5851654.02298851
5851422.22222222
5850770.44025157
5851578.64077670
5851468.88888889
5849906.12244898
5849873.33333333
5849481.39534884
5849912.08791209
5849109.87654321
5847187.96296296
5847111.86440678
5847887.58620690
5848265.51724138
5848213.41463415
5848464.19753086
5850026.59176030
5849201.24223603
5849151.68539326
5849193.75000000
5848813.15789474
5848201.57480315
5847747.79411765
5846944
5847842.85714286
5848181.03448276
5849922.18543046
5850270
5850485.71428572
5851122.64150943
5852525
5852651.39860140
5852571.79487180
5852384.37500000
5852567.01388889
5852230.18867925
5851877.77777778
5851978.75000000
5851194.03409091
5849908.67579909
5849214.41717791
5847921.78082192
5846816.58841941
5846305.80645161
5845057.71812081
5846076.97841727
5847018.62348178
5846623.86363636
5846301.29870130
5846068.29268293
5846156.92307692
5846650
5847645.56962025
5849515.44715447
5849805.06329114
5848857.14285714
5849265.85365854
5850300
5850134.21052632
5850118.30985916
5848327.65957447
5847785.95317726
5848194.76439791
5848546.66666667
5847907.69230769
5848184.37500000
5849000.96153846
5849172.72727273
5849511.60714286
5848690.24390244
5849104.61538462
5849079.31034483
5848736.36363636
5848753.33333333
5849321.73913044
5851410.26615970
5851107.76699029
5851419.44444444
5850018.53932584
5848363.29113924
5847804.73684211
5847439.02439024
5847811.79775281
5849385.39823009
5849400.60975610
5849092.40506329
5849662.31884058
5849370.27027027
5849340
5848126.94805195
5847587.85046729
5845057.18518519
5842273.72549020
5842868
5842091.78743961
5841836.26373626
5839901.28617363
5840119.66666667
5840044
5840200.72992701
5841130
5840091.11111111
5841386.66666667
5841536.55172414
5840413.18181818
5841131.20567376
5840991.20879121
5840617.11111111
5840125.13966481
5840485.89341693
5838908.22942643
5839509.00473934
5840642.85714286
5840415.38461539
5840486.42857143
5840155.06329114
5839951.85185185
5840758.74587459
5841451.33079848
5840904.05405405
5842149.28229665
5842393.80530973
5842200
5842714.70588235
5842869.33333333
5842642.22222222
5841891.89189189
5841952.11267606
5841984.05797102
5842382.64462810
5842532.55813954
5842349.35064935
5841689.25619835
5841650
5841100
5840846.59090909
5841749.07407407
5843028.18791946
5843652.89855073
5844522.04724409
5844591.60305344
5842986.29032258
5843560
5843787.11656442
5844410.34482759
5845042.10526316
5844734.37500000
5844642.10526316
5843559.30232558
5843616
5843390.32258065
5843465.71428572
5843057.34265734
5841748.48484848
5841706.66666667
5841596
5841265.21739131
5841880.64516129
5839568.12080537
5839446.26168224
5839639.13043478
5838746.55172414
5839368.29268293
5839327.35849057
5839120.76502732
5839878.73563218
5840052.74725275
5840933.33333333
5839317.76649746
5838626.92307692
5838800
5837895.16129032
5839856.63716814
5839990.10989011
5839136.89320388
5839770.45454545
5839325
5840507.69230769
5840628.76712329
5840281.48148148
5841689.01734104
5842212.23404255
5841608.80000000
5842270
5841821.48760331
5841070.34883721
5840702.56410256
5840700
5841253.94736842
5841900
5839236.36363636
5841287.64044944
5841375.53191489
5841235.22727273
5840504.05405405
5842208.22784810
5842575.28735632
5841731.02040816
5841139.28571429
5841231.29770992
5840894.11764706
5840437.69841270
5840002.51798561
5838756.72823219
5840435.38461539
5840548.67256637
5840375.81699346
5840750
5840584.90566038
5839539.79381443
5838661.11111111
5838595.74468085
5838193.47826087
5837433.79629630
5837133.79629630
5836905.69620253
5835927.15404700
5834198.43750000
5833239.27789934
5832343.68932039
5833094.73684211
5832645.52529183
5832380.17241379
5831883.33333333
5831706
5832802.04081633
5833752.12121212
5834621.42857143
5831742.19030521
5831888.78504673
5830980.42813456
5831195.23809524
5831578.78787879
5832238.54166667
5831933.09859155
5831156.80751174
5830963.46153846
5829807.94701987
5828678.07017544
5828789.21568628
5828316.45569620
5828537.83783784
5829832.52032520
5831081.77083333
5830619.16666667
5830076.38888889
5828047.40484429
5827966.66666667
5827356.52173913
5826730.79178886
5825546.33507853
5827579.85865724
5826931.62393162
5826516.03053435
5827264.67391304
5827943.36734694
5828479.16666667
5829014.76793249
5828864.97461929
5829504.95049505
5831171.63120567
5831147.57709251
5831190.34090909
5831829.09090909
5832936.42857143
5832642.60869565
5832044
5832486.79245283
5831783.63636364
5830912.19512195
5831760.97560976
5831483.33333333
5832201.80722892
5831717.14285714
5831567.22222222
5831991.57894737
5831094.28571429
5829903.63636364
5828505.40540541
5830104.76190476
5829872.48322148
5829330.76923077
5831380.64516129
5830736.22047244
5829779.06976744
5830386.44859813
5830419.23076923
5830837.50000000
5831603.48837209
5829948.82629108
5829932.19178082
5829909.80392157
5830618.75000000
5831066.66666667
5830335.66433566
5830209.09090909
5830993.42105263
5831385.45454545
5830428.57142857
5830896.29629630
5830770.68965517
5830397.56097561
5829965.90909091
5828353.95189004
5827915.45454545
5829538.29787234
5830608.33333333
5829698.03921569
5829971.42857143
5829716.66666667
5829827.45098039
5829392.30769231
5829060.46511628
5828502.08333333
5827900
5827707.14285714
5827976.92307692
5827727.69607843
5827705.20833333
5827879.36507937
5828164.10256410
5828171.02803738
5828095.65217391
5827144.82758621
5826915.38461539
5828936.75889328
5829100
5829128.35820896
5829728.03738318
5829952.83018868
5830667.20000000
5830084.03361345
5829187.61061947
5829097.72727273
5829036.58536585
5828424.84472050
5826215.19174041
5824969.12751678
5824849.31506849
5824683.33333333
5824723.30097087
5824522.93577982
5824244.68085106
5823810.11235955
5824689.55223881
5827751.05263158
5828067.16417910
5829929.03225806
5828534.21052632
5828819.47368421
5829647.05882353
5828875.75757576
5829404.38596491
5829226.96629213
5829914.28571429
5829445.94594595
5829067.18750000
5829144.82758621
5829246.66666667
5828828.67647059
5828754.36893204
5829306.77966102
5828422.44897959
5829094.44444444
5828956.66666667
5829481.81818182
5829742.50000000
5829168.66666667
5828795.45454545
5828806.15384615
5828682.60869565
5829042.10526316
5828527.27272727
5828130.43478261
5828986.25592417
5828218.31683168
5828532.45614035
5828782.63473054
5829073.72262774
5828341.26984127
5829184.33734940
5828954.83870968
5828880.61224490
5828572.22222222
5828372.97297297
5830563.96396396
5832588.85941645
5831977.80898876
5832474.34210526
5833196.55172414
5832788.37209302
5832500
5832686.66666667
5833563.30935252
5834728.02359882
5836959.93265993
5837637.37864078
5836719.71830986
5835610.59602649
5836335.55555556
5835947.05882353
5836548.07692308
5836643.20987654
5836436.43410853
5835192.30769231
5834832.35294118
5834391.76470588
5834817.46724891
5835253.07262570
5834232.72727273
5834048.78048781
5834625.42372881
5834196.77419355
5834518.75000000
5833828.57142857
5834815.38461539
5833781.52173913
5833077.77777778
5831447
5832407.81250000
5832338.09523810
5832440
5832904.54545455
5833400
5832700
5832778.04878049
5832230.55555556
5832648.86363636
5833281.81818182
5833152.17391304
5833006.59340659
5832862.74509804
5832445.61403509
5832506.33802817
5833213.79310345
5833166.66666667
5833244.77611940
5832676.80000000
5833069.76744186
5833200
5833900
5832821.42857143
5833525.64102564
5833971.87500000
5834795.27027027
5836372
5835851.38339921
5834694.86166008
5834356.21301775
5834209.85915493
5835443.87755102
5835960.78431373
5835803.76712329
5834628.85906040
5835324.24242424
5835323.88059702
5836107.95454545
5835992.30769231
5835299.03846154
5836645.53571429
5836627.50000000
5837081.63265306
5836331.37254902
5837082.60869565
5837970.62937063
5839412.87878788
5839416.41791045
5839916.47727273
5839725.40983607
5839551.72413793
5840050
5839990.38461539
5838964.62264151
5839371.02803738
5840054.41176471
5840025.14619883
5840962.12121212
5841410.43956044
5841402.24719101
5842214.94252874
5842268.69565217
5842786.04651163
5842330.95238095
5840879.41176471
5841485.36585366
5841670.90909091
5841676.81159420
5841428.07017544
5840872.27722772
5840772.69230769
5839726.31578947
5839046.71052632
5839519.73684211
5839822.97297297
5839901.03092784
5839910
5839816.05504587
5840530.76923077
5840372.72727273
5840004.76190476
5840166.12903226
5838638.46153846
5837692.65306122
5837648.27586207
5836985.50000000
5836863.93442623
5836812.50000000
5835828.68852459
5836593.81443299
5836014.62765957
5835190
5834892.30769231
5834466.66666667
5835346.76470588
5835445.90163934
5835269.23076923
5834798.75000000
5834783.33333333
5833565
5833178.65168539
5833227.11864407
5833221.42857143
5834553.84615385
5834700
5833678
5834786.36363636
5834366.66666667
5835757.59717315
5835130.40000000
5836042.16867470
5837035.67251462
5836677.77777778
5837909.81132076
5836325.55555556
5836648.33333333
5836157.04225352
5835345.31250000
5836094.23076923
5836668.14814815
5836092.72727273
5835276.62337662
5836401.85185185
5835595.80645161
5835227.72277228
5835203.44827586
5836225
5834368.15920398
5833048.57142857
5832970.27027027
5833288.17204301
5832099.51219512
5831568.79194631
5829523.01369863
5828734
5830072.72727273
5829977.08333333
5830916.92307692
5830749.31034483
5830092.53731343
5831217.57990868
5831862.79069767
5832262.18487395
5833359.25925926
5832985.26315790
5832095.74468085
5831000
5833068.56060606
5833892.68292683
5832931.75675676
5833674.39024390
5833285
5833044.36090226
5833194.40993789
5831128.01418440
5831818.18181818
5832519.27710843
5832750
5833108
5832560.36036036
5831648.52941177
5831239.89361702
5831242.02898551
5830829.68750000
5829828
5830172.34042553
5831716.66666667
5831646.57534247
5831229.83870968
5830450.91743119
5830100
5830179.27927928
5830594.11764706
5830968.26923077
5830575.51020408
5829579.20792079
5829285
5829396.46017699
5829224.28571429
5829100.72463768
5828378.47222222
5827950.47169811
5828085.27272727
5828672.81553398
5827619.04761905
5828590
5827802.54237288
5825931.63265306
5825601.70454545
5825823.18840580
5826569.59459460
5826476.74418605
5827191.74311927
5825600
5826333.97435897
5827837.70491803
5828502.30769231
5829951.16279070
5831113.95348837
5829619.34426230
5829670.68965517
5831120.68965517
5831084.94623656
5829631.25000000
5829559.61538462
5828932.50000000
5828569.33333333
5829883.48623853
5829871.42857143
5829476.47058824
5829515.59633028
5828298.03921569
5826591.66666667
5827581.81818182
5827754.54545455
5827235.71428572
5828160.19417476
5828109.82658960
5827217.55725191
5827120.74468085
5828030.50847458
5827282.32044199
5827178.57142857
5826638.46153846
5827472.41379310
5826535.71428572
5826318.66666667
5826161.53846154
5825904.58715596
5826364.10256410
5826152.94117647
5828940.70175439
5826846.73913044
5827209.09090909
5827356.38297872
5826340
5826982.96296296
5825687.21311475
5824479.59183674
5824828.57142857
5826216.12903226
5825997.66081871
5826918.81533101
5826969.58333333
5827933.92857143
5827829.57746479
5827464.70588235
5828172.22222222
5827554.54545455
5827258.28220859
5827215.04424779
5826954.54545455
5825973.33333333
5826228.40236686
5824747.04545455
5825106.33802817
5825561.42857143
5825305
5824791.57894737
5823633.59375000
5821489.28571429
5822017.85714286
5821352.04460967
5819844.33399602
5818627.80748663
5818675.75757576
5818998.43750000
5819691.87817259
5820376.63043478
5822566.02972399
5825471.35678392
5825963.19444444
5824951.08695652
5825792.12121212
5825414.58333333
5825710
5824504.68750000
5823028.03738318
5822438.61386139
5821892
5820902.09790210
5820495.45454545
5819647.88732394
5820782.16216216
5821462.23404255
5823042.62820513
5822827.42857143
5823303.15789474
5823448.14814815
5824474.82993197
5825579.41176471
5824846.34146342
5824032.09302326
5824821.69811321
5823956
5825214.78873240
5826662.54295533
5827804.58715596
5827377.94117647
5826778.14207650
5825704.54545455
5826450
5827625.31645570
5827173.57142857
5826059.54198473
5824975.93360996
5825529.54545455
5826089.23076923
5825520.83333333
5823374.41314554
5823805.58139535
5826404.66321244
5826460
5825920.33898305
5826996.96969697
5826330.52631579
5826213.97849462
5824472.63157895
5824059.57854406
5825018.26923077
5824566.66666667
5824691.89189189
5826238.55932203
5827102.38095238
5826876.25000000
5827937.76824034
5826932.83582090
5827379.82456140
5828021.66666667
5829329.13907285
5829353.62776025
5830237.28813559
5830463.53591160
5830361.90476191
5830679.73568282
5831039.92537313
5830445.80645161
5831057.57575758
5829356.75675676
5828486.25000000
5828407.69230769
5829043.90243902
5828618.98734177
5828789.69072165
5829072.24334601
5830061.84971098
5828786.11111111
5828078.72340426
5827803.15789474
5828340.74074074
5828191.89189189
5827871.25000000
5828276.59574468
5828671.42857143
5830375.70093458
5831128.37837838
5831335.18518519
5831382.14285714
5831716.92307692
5831927.93522267
5832509.75609756
5831885.71428572
5832376.47058824
5832098
5830130.97826087
5829052.13675214
5830028.57142857
5830623.80952381
5830654.23728814
5831238.09523810
5831995.38461539
5831873.68421053
5831066.17647059
5829886.82170543
5830532.61904762
5831524.59016393
5830713.86861314
5830446.89655172
5831221.33333333
5831317.30769231
5830616.39344262
5829088.04347826
5829340
5829815.56122449
5830356.52173913
5830551.85185185
5830255
5830056.66666667
5830773.43750000
5829376.19047619
5830068.42105263
5830810.59602649
5831696.23655914
5830981.33971292
5830213.63636364
5830073.91304348
5830411.94029851
5831047.10743802
5831305.08474576
5831887.34177215
5831781.42857143
5831249.42528736
5830917.02127660
5831585.33333333
5830547.36842105
5830389.13043478
5828976.31578947
5828620.12987013
5829512.39669422
5829350.79365079
5828992.15686275
5827977.39726027
5828404
5828284.31372549
5827643.18181818
5827978.26086957
5827994.73684211
5827681.76100629
5828152.50000000
5827325.21008403
5825939.47368421
5824549.56521739
5823417.46031746
5823155.55555556
5824519.11357341
5825178.47222222
5826360.33519553
5826265.78947368
5826578.94736842
5824789.65517241
5825123.33333333
5825638.26086957
5825193.87755102
5825082.66666667
5826126.66666667
5827294.05940594
5827046.15384615
5826217.85714286
5825980.70175439
5826347.91666667
5825151.68067227
5824095.45454545
5824228.08988764
5824701.76991150
5824608.19672131
5824123.25581395
5823711.57894737
5821609.67032967
5821493.54838710
5820320.66666667
5819655.02392345
5819451.37614679
5819206.06060606
5818950
5819233.33333333
5819967.29559748
5820247.41379310
5821066.85714286
5820980
5821491.78082192
5820175
5819757.73195876
5819834.35114504
5820359.09090909
5820382.07547170
5820312.76595745
5820571.87500000
5819067.77251185
5818155.88235294
5817676.23762376
5818655.46875000
5819489.09090909
5818887.02928870
5818608.33333333
5818828.57142857
5818423.52941177
5818875
5818377.55102041
5818574.28571429
5819498.01980198
5819724.24242424
5819183.67346939
5818549.03846154
5818254.41176471
5818672.41379310
5817763.26530612
5817364.31297710
5817094.87179487
5816890.26548673
5816094.08783784
5813461.17647059
5812971.02040816
5812695.83333333
5813238.35616438
5814263.95348837
5813819.41747573
5812364.58333333
5811878.57142857
5811845.59748428
5811820.74074074
5812775.31120332
5814215
5815154.81481481
5815951.92307692
5815368.58974359
5814918.13725490
5813839.56043956
5814654.36893204
5813992.78350516
5813542.20183486
5814929.54545455
5814266.66666667
5813155.64516129
5812938.30409357
5813484.83146067
5813075.92592593
5812630.07518797
5810530.28455285
5810726.16580311
5810814.90066225
5811117.31843576
5811757.14285714
5810676.05633803
5810351.39860140
5810320.63492064
5811450.97493036
5811552.17391304
5811735.03649635
5812021.18644068
5811704.74452555
5810456.37583893
5808628.60824742
5807119.54022989
5806526.69491526
5806078.13765182
5804807.30593607
5805413.88888889
5807070.78189300
5807709.55882353
5807251.40845070
5807221.73913044
5806113.05841924
5806663.97058824
5806836.84210526
5806574.72527473
5805987.02928870
5807437.28323699
5807769.54887218
5807959.13978495
5807106.50000000
5807082.35294118
5809269.00452489
5810104.36300175
5811001.97044335
5810384.10256410
5810519.59798995
5811855.52147239
5811683.82352941
5812300.81300813
5812820.19230769
5813086.43410853
5813972.51461988
5814066.01307190
5814377.70270270
5813829.80769231
5813881.42857143
5814312.94117647
5813901.12359551
5814426.78571429
5813332.18997362
5811251.98019802
5811982.89473684
5812745.07575758
5812555.80110497
5812710.52631579
5812227.92207792
5811335.27397260
5811885.91549296
5812312.30769231
5813056.77966102
5813596.03960396
5813647.47474747
5812864.70588235
5812714
5812916.66666667
5813144.73684211
5812926
5813363.15789474
5813120
5813287.15596330
5813497.70114943
5813666.66666667
5812600
5812491.46341464
5811542.20532319
5811624.57627119
5812166.66666667
5813144.05594406
5813321.10091743
5812505.36912752
5812668.96551724
5813051.76470588
5813146.05263158
5812609.49367089
5812180.76923077
5811536.84210526
5811895.73170732
5811488.23529412
5811018.53658537
5811270.51282051
5811432.45614035
5811855.94059406
5813183.64779874
5814827.60180996
5815621.42857143
5814894.00921659
5814528.33333333
5816308.01282051
5817557.57575758
5817328.48837209
5815688.57142857
5817384.18972332
5818518.34170854
5819840.61538462
5820679.72027972
5821044.27480916
5819558.92116183
5817437.50000000
5817156.31578947
5816006.20155039
5815766.19718310
5814885.33333333
5815326.92307692
5815680.58823529
5816195
5817187.21590909
5816790.50279330
5817058.58585859
5815754.18439716
5816080
5815827.65957447
5815938
5816704
5815933.04347826
5815888.46153846
5815957.14285714
5816057.35294118
5815532.24852071
5815294.11764706
5814648.71794872
5815225.58139535
5815586.04651163
5814510.40462428
5812907.29166667
5812398.51851852
5813224.07407407
5814215.29850746
5814112.70270270
5812907.40740741
5813692.50000000
5813219.62025316
5813261.76470588
5812578.98550725
5811822.91666667
5811883.33333333
5811761.11111111
5811968.67469880
5812225
5811744
5813878.67298578
5813539.79591837
5813456.62650602
5813752.47524753
5813290.90909091
5813545.67901235
5813480
5813171.68141593
5812761.22448980
5812368.26923077
5812218.94736842
5811655
5812367.76315790
5813724.59459460
5813286.98224852
5814072.85714286
5815435.98326360
5817295.68965517
5817162.29508197
5817025.72815534
5818750.96525097
5819127.05882353
5820091.36363636
5819643.26424871
5818204.05405405
5817750
5816249.76744186
5815945.91836735
5816764.24242424
5817762.16216216
5817433.11258278
5817161.84210526
5815812.19512195
5815227.27272727
5815255
5815862.20930233
5815584.09090909
5815594.57831325
5815405.55555556
5815475.91240876
5814512.34817814
5814596.35036496
5815085.71428572
5816168.11594203
5816824.41860465
5817250
5817075.20000000
5817501.38888889
5817945.12820513
5819066.19718310
5818300
5817755.42857143
5818278.84615385
5818113.55421687
5818268.42105263
5818423.88059702
5818255
5819190.90909091
5820359.47955390
5820362.92682927
5819696.22093023
5819586.89320388
5819427.77777778
5819566.39344262
5819489.85507246
5818522.83950617
5817594.65648855
5817630.35714286
5817637.23404255
5816874.70588235
5816083.76623377
5815658.78378378
5815638.75000000
5815125.58139535
5815475.28517110
5816338.55421687
5816922.47191011
5817220.87912088
5817892.26519337
5817789.38547486
5817406.54761905
5816351.72413793
5816024.66666667
5815987.27272727
5815753.12500000
5815437.50000000
5815768.04123711
5814851.72413793
5814933.33333333
5816160.54421769
5816959.32203390
5816596.82539683
5816296.42857143
5816414.81481481
5815142.33870968
5815379.41176471
5813992.45283019
5814653.48837209
5813481.16883117
5813419.13580247
5813545.45454545
5813393.84615385
5813456.52173913
5813519.14893617
5813370.45454545
5812771.32352941
5812624.32432433
5813625.13368984
5813955.86592179
5814058.03108808
5815957.25806452
5814736.96808511
5815344.49760766
5814850.58823529
5815643.18181818
5814961.53846154
5815382.92682927
5814847.72727273
5814339.75903614
5813666.66666667
5813927.77777778
5814003.88349515
5814035.78947368
5813766.66666667
5813331.15942029
5814468
5814080.64516129
5814055.17241379
5813540.38461539
5812950.94339623
5811760.63829787
5811480.76923077
5810733.05439331
5810448.57142857
5810953.84615385
5810117.88079470
5809390.69767442
5809007.14285714
5808710.58394161
5808146.93877551
5808127.86885246
5809280.50000000
5809314.39393939
5810437.50000000
5810373.28244275
5811905.71428572
5811543.22033898
5812213.43750000
5812951.66666667
5812371.84466020
5812773.52941177
5813059.01639344
5814045.64564565
5811398.50746269
5811040.17857143
5810137.03703704
5809774.60317460
5809520
5807615.52238806
5807081.52709360
5808091.62011173
5809947.44525547
5809852.38095238
5809812.50000000
5809570.48192771
5808149.46236559
5807424.08759124
5805379.03930131
5805838.51351351
5805887.16216216
5804988.88888889
5804459.48275862
5805294.28571429
5804361.07382550
5804503
5805001.41843972
5805522.88135593
5805714.63414634
5805668.54460094
5805210.20408163
5803107.53968254
5802376.33587786
5801552.13675214
5799156.65445666
5796678.37301587
5796992.16152019
5796216.69150522
5796232.86908078
5796941.86851211
5795512.40310078
5795104.50000000
5795067.09062003
5793502.64900662
5793951.79153094
5793943.02325581
5793789.43089431
5795579.07488987
5795959.84455959
5796516.32653061
5796201.13207547
5796390.50279330
5794862.73972603
5796549.59677419
5796926.22377622
5798090.66666667
5798561.06870229
5798939.91769547
5798881.33333333
5799250.70754717
5798413.95881007
5798498.88579387
5798175.67567568
5798303.83275261
5798313.76623377
5800549.17127072
5800438.50806452
5799653.36787565
5800969.93127148
5801724.32000000
5801161.60220995
5801089.87341772
5801703.50877193
5801504.08163265
5799872.17391304
5800791.13300493
5800363.87096774
5799995.45454545
5799500
5800303.12500000
5800248.72611465
5800306.81818182
5799634.24657534
5800051.25628141
5800233.05785124
5799128.28685259
5799186.45833333
5799242.57425743
5798820.51282051
5798921.62162162
5800053.09278351
5800945.16129032
5800537.57700205
5800492.77108434
5799293.37539432
5798563.85542169
5797233.90410959
5794988.88888889
5795624.39024390
5794837.89473684
5797055.28700906
5796408.29694323
5795694.89361702
5794555.95238095
5794436.14457831
5793646.40000000
5792541.12149533
5791259.27601810
5790415.84905660
5790908.92018779
5790100.62111801
5790084.12698413
5789728.03738318
5789572.79411765
5790643.85245902
5790576.56675749
5788170.39337474
5786378.60262009
5785171.33891213
5789600.40000000
5783724.45961320
5781333.04221252
5783444.56521739
5782295.38461539
5783574.40476191
5783807.35294118
5784926.77165354
5785901.41843972
5786046.70050761
5785871.13402062
5784305.22088353
5783224.05660377
5783057.03380589
5783434.43037975
5784518.71794872
5785170.07042254
5784546.39175258
5783467.18146718
5783726.42487047
5784179.43925234
5786253.46756152
5785942
5787161.15702479
5787263.63636364
5786782.11382114
5785873.20261438
5788260.57347670
5789072.14285714
5788394.65408805
5787663.67713004
5785951.83098592
5785338.49372385
5786322.85714286
5785284.13793104
5785068.26923077
5784606.89655172
5783378.13953488
5783265.79925651
5783643.64261168
5784648.55072464
5784305.51181102
5784267.39726027
5785606.31067961
5786474.14448669
5785433.04535637
5784714.40677966
5784619.51219512
5785177.14285714
5785917.29957806
5784983.63095238
5784663.47826087
5784287.59689922
5783907.85714286
5783932.30769231
5783558.75000000
5784358.49056604
5783244.30769231
5782527.73437500
5782676.95035461
5782954.40000000
5783808.49420849
5783800
5783272.86821705
5783114.56310680
5782260.95238095
5782813.44902386
5781082.87197232
5780484.46969697
5778934.11764706
5777776.73545966
5778494.57364341
5780571.74796748
5780062.65060241
5780073.77777778
5779887.18487395
5778245.12534819
5778168.08510638
5779264.01673640
5779505.26315790
5779740.95477387
5779226.71755725
5779000.21645022
5779258.08080808
5778050.49833887
5777831.10539846
5776996.37931035
5777706.32911392
5778604.12371134
5778183.21678322
5778627.83505155
5778668.42105263
5778807.53424658
5777284.50363196
5776842.96296296
5776835
5776996.20853081
5778834.88372093
5778503.32480818
5777795.27272727
5777628.72340426
5777424.32950192
5779764.92374728
5782016.04938272
5782708.93617021
5783425.26315790
5782961.75637394
5782675.89285714
5779870.20057307
5781034.48773449
5780179.82832618
5778815.15957447
5777781.29032258
5776728.90295359
5776280.43478261
5777318.66666667
5778648
5778796.51162791
5778029.68750000
5777397.97297297
5778389.70189702
5778960.33519553
5780157.75075988
5780853.44129555
5780656.64335664
5780394.07894737
5780108.48214286
5780737.59398496
5779960.60606061
5778777.19780220
5778271.18155620
5779312.63440860
5779637.57575758
5780459.70873786
5780678.65853659
5781143.52331606
5780261.90476191
5779589.39393939
5779850.63291139
5779669.87447699
5778323.45132743
5778205.61224490
5778380.74866310
5778514.33224756
5778460.81424936
5777996.95817491
5777792.68929504
5776941.04683196
5776635.89108911
5776088.75968992
5775740.57971015
5775679.66101695
5775243.01470588
5775576.07361963
5775999.81884058
5775839.25049310