165.09
168.01
166.22
169.47
166.27
163.64
160.08
161.27
160.75
157.59
159.16
160.05
153.45
147.01
147.83
143.92
144.51
146.22
141.86
146.06
149.7
149.98
143.73
147.05
144.13
145.45
146.54
146.94
146.83
150.14
150
148.54
148.97
149.48
149.47
151.02
149.22
149.47
149.65
151.76
150.78
156.41
159.82
162.37
161.42
164.37
165.88
167.26
165.89
168.44
168.87
169.64
170.07
168.41
167.14
166.74
167.2
165.26
166.39
163.84
163.12
162.73
165.54
165.29
168.6
171.6
171.24
170.01
171.36
176.78
176.16
153.63
156.13
152.94
151.94
152.05
150.47
145.34
146.31
150.1
153.19
138.81
142.92
142.87
141.67
136.06
136.7
137.5
135.72
140.72
138.29
136.93
136.36
131.32
133.94
130.11
134.43
130.68
136.29
134.13
138.92
138.26
135.96
138.8
138.05
136.33
132.91
132.05
131.11
128.2
130
127.89
131.2
131.36
131.61
132.43
132.01
129.18
129.45
129.36
133.85
130.97
128.19
125.81
125.68
125.63
126.76
130.18
129.82
132.32
131.54
134.41
133.27
139.18
140.09
139.62
142.71
140.87
140.45
141.25
142.03
141.1
141.07
146.23
144.54
146.38
146.82
149.9
149.43
148.72
148.93
147.5
143.04
143.2
141.92
141.61
142.41
142.99
140.93
142.07
140.63
137.96
138.66
135.91
133.93
131.3
131.56
134.26
134.3
141.52
139.52
141.76
143.29
144.49
148.32
146.55
146.58
146.26
145.06
145.94
145.46
142.27
139.23
141.51
140.28
139.32
138.76
138.91
141.91
140.82
143.71
144.93
145.19
146.68
146.23
149.13
148.66
145.65
144.78
147.67
150.58
153.34
153.05
151.58
151.22
152.08
153.87
156.84
154.81
155.24
156.44
156.25
159.87
164.36
162.57
160.02
160.66
161.14
159.33
160.66
158.63
158.43
160.79
160.14
154.74
151.59
153.98
152.02
153.04
150.35
152.57
156.47
156.29
156.62
155.6
159.98
160.28
162.22
163.19
161.12
159.08
158.36
157.96
159.89
161.99
163.31
161.38
163.53
162.92
161.41
161.42
161.92
166.63
166.66
167.55
165.82
164.36
163.46
163.08
165.3
165.21
168.51
168.2
160.32
159.54
160.04
160.13
155.97
155.33
157.95
155.77
157.55
159.2
158.93
158.53
158.72
160.93
162.3
159.85
159.21
160.48
161.31
161.68
162.55
160.96
161.81
156.9
157.04
157.38
159
158.04
155.66
156.02
158.73
155.36
153.57
155.65
156.66
154.65
155.05
152.88
151.74
148.97
150.29
154.35
154.6
155.16
153.94
154.31
152.43
150.99
152.92
153.5
153.04
154.62
153.33
153.34
156.22
156.71
155.32
155.81
154.8
154.56
150.33
149.69
148.39
146.54
147.35
148.13
146.86
147.9
147.5
145.32
145.72
146
146.55
146.21
145.14
144.84
143.89
145.13
142.7
137.75
136.5
135.67
135.88
135.9
134.46
130.26
131.08
131.56
131.47
131.49
134.15
136.15
131.74
130
130.92
129.54
128.66
127.31
129.18
131.49
133.05
132.64
130.46
131.66
132.76
130.74
131.53
130.14
128.05
126.65
126.45
125.05
128.22
128.76
132.2
130.12
129.53
130.61
129.71
127.72
126.07
125.69
125.66
125.92
125.12
124.31
128.43
131.17
131.08
132.39
133.12
130.33
131.42
130.58
129.78
126.96
127.78
122.12
121.1
113.83
118.73
106.75
114.25
112.68
115.25
113.06
113.43
109.46
108.12
103.04
103.38
106.72
106.26
108.11
112.29
111.77
112.78
108.84
103.89
101.46
105.13
101.68
99.22
99.87
101.01
101.44
104.77
104.3
101.7
99.57
94.96
91.2
92.36
96.2
96.6
93.47
96.91
91.75
87.41
91.78
91.5
95.03
89.94
93.29
93.83
96.17
93.3
93.86
94.03
99.22
97.8
97.87
99.06
100.9
97.46
103.18
112.95
112.43
106.3
100.47
102.99
104.49
101.93
102.44
105.36
96.72
96.55
98.65
96.35
96.79
92.77
89.61
89.19
88.59
86.75
85.29
86.12
88.09
86.51
93.38
91.99
94.73
97.24
98.54
102.41
97.33
98.82
95.49
92.58
90.84
89.52
87.77
85.43
88.63
89.62
91.98
91.36
89.52
87.79
88.66
88.09
92.89
92.29
92.13
91
92.24
95.79
97.18
98.59
96.4
95.15
101.61
104.89
105.93
105.39
106.05
105.47
105.75
108.88
106.89
108.59
110.51
110.46
114.49
114.35
112.98
113.14
112.88
111.17
111.57
109.95
110.24
111.77
112.91
113.61
111.4
112.8
112.87
113.22
114.42
112.5
118.35
117.21
115.91
111.06
113.73
114.48
114.6
114.31
121.68
117.61
120.24
120.11
121.45
123.13
123.1
121.88
123.29
125.13
123.43
123.46
120.92
121.52
122.04
119.9
117.21
115.29
114.34
111.93
113.27
117.63
112.45
115.03
114.18
112.69
110.99
109.86
109.19
111.49
111.37
111.93
111.79
112.51
112.69
111.16
108.97
106.49
107.52
106.86
104.83
103.88
99.79
97.48
97.58
95.95
94.85
93.3
94.3
95.29
95.79
94.64
94.48
96.07
92.88
93.95
90.95
89.34
90.53
93.23
92.28
92.81
91.11
92.32
91.03
92.11
93.91
91.92
94.61
94.79
92.19
91.92
89.55
89.37
91.57
91.78
94.11
95.36
96.8
94.17
93.73
92.74
92.53
93.39
92.3
95.65
95.9
96.19
94.75
93.26
92.44
91.46
92.74
94.21
96.27
99.78
99.04
99.06
98.26
96.02
99.14
100.16
101.35
100.63
101.71
101.14
101.72
101.37
101.25
101.6
101.71
103.36
103.4
102.76
102.18
103.04
103.2
103.56
104.06
103.26
104.25
104.93
108.41
111.96
114.71
113.08
115.06
116.59
118.99
119.67
118.23
118.21
117.36
115.99
115.09
114.97
111.92
111.5
113.62
112.09
115.23
115.61
116.27
118.23
117.65
117.79
117.96
118.41
120.29
118.52
122.76
121.5
123.18
123.4
121.9
121.06
117.34
118.1
118.05
117.77
120.68
123.11
121.53
122.35
124.49
116.33
113.66
114.53
115.6
114.85
112.65
113.83
114.22
116.65
116.44
116.06
118.63
119.25
116.76
118.16
117.57
116.64
117.24
115.44
115.99
116.06
115.43
115.87
117.7
116.94
117.34
118.19
122.28
126.52
126.01
128.45
127.19
126.29
125.92
125.43
124.29
126.31
