43970,
43111,
42393,
41803,
41736,
41905,
42392,
43457,
44323,
44945,
46035,
46982,
47298,
47609,
48277,
49499,
50584,
50840,
49963,
49064,
47652,
46727,
45104,
43456,
41930,
41190,
40955,
41188,
41607,
43447,
46597,
49375,
50904,
51346,
51750,
51854,
51825,
51834,
52309,
53178,
53827,
53661,
52870,
51465,
49705,
48419,
46697,
44526,
43166,
42325,
41909,
41703,
42152,
44080,
46628,
50067,
51856,
52069,
52587,
52628,
52717,
52709,
52844,
53641,
54600,
55012,
54269,
53063,
51324,
50188,
48335,
46611,
45201,
44389,
44089,
44029,
44464,
44998,
45924,
47620,
49290,
50885,
51864,
51726,
51287,
51315,
51318,
52585,
54062,
55269,
54889,
53920,
51942,
50781,
49649,
48460,
47048,
45680,
45162,
45002,
45225,
45970,
46846,
48522,
49735,
51539,
52210,
52169,
52024,
52110,
52360,
53158,
54159,
54613,
53838,
52507,
50738,
50173,
48470,
46613,
45042,
43747,
42947,
42831,
43054,
44195,
47072,
50128,
51681,
52408,
52236,
52592,
52264,
52164,
52602,
53809,
54764,
54973,
53593,
51929,
50326,
49385,
47544,
45593,
43990,
42577,
41999,
41674,
42192,
44945,
49382,
53167,
54607,
54241,
54571,
54311,
54262,
54482,
54388,
54769,
55458,
55164,
54246,
52967,
51498,
49811,
47634,
45318,
43907,
42861,
42384,
42578,
42750,
44464,
48805,
52789,
54186,
53947,
53766,
53244,
52777,
52756,
53217,
54211,
55641,
55651,
54735,
53637,
51939,
50768,
48896,
46488,
45033,
43761,
43545,
43670,
44617,
47108,
51546,
55702,
56762,
56368,
56521,
56076,
55382,
55672,
56217,
57058,
57309,
57277,
56414,
55347,
53479,
52155,
49836,
47119,
45908,
44839,
44323,
44569,
45663,
48030,
52493,
56712,
57883,
57709,
57873,
57323,
56770,
55869,
55931,
56792,
57766,
58053,
57375,
56142,
53988,
52919,
51711,
49597,
48221,
47378,
46353,
45958,
46135,
46538,
47535,
49062,
50672,
51714,
52612,
52901,
52352,
51951,
52040,
52822,
53587,
53910,
52897,
51142,
49184,
47969,
46529,
44729,
42926,
42127,
41629,
41473,
41606,
42000,
42788,
44036,
45651,
46327,
47466,
48008,
48151,
48199,
48744,
50434,
51768,
53125,
52795,
51754,
50658,
49439,
47616,
45830,
44755,
43828,
43883,
43986,
45199,
47736,
52408,
56441,
57338,
56888,
57338,
56727,
55917,
55864,
56019,
56893,
57729,
57936,
56835,
55363,
53883,
52294,
50047,
47652,
45914,
44806,
44420,
44279,
45371,
47798,
51824,
55280,
56060,
55600,
55770,
55334,
55068,
54675,
54452,
55383,
56464,
56995,
55614,
54131,
52678,
51004,
48636,
46388,
44911,
43490,
43170,
43059,
43520,
45814,
49725,
53905,
54895,
54634,
54605,
53816,
53710,
53443,
54034,
54717,
55820,
56263,
55118,
53653,
52153,
51133,
48935,
46238,
44372,
43253,
42907,
43031,
43836,
46290,
50500,
54499,
54891,
54538,
54387,
54128,
53610,
53449,
53498,
54193,
55365,
55850,
55250,
54155,
52418,
51155,
49376,
46899,
44912,
43893,
43441,
43575,
44376,
46821,
51106,
54823,
55863,
55085,
55303,
54869,
54330,
53756,
53788,
54204,
54873,
55424,
54455,
52827,
50856,
48990,
47379,
45625,
44357,
43171,
42559,
42207,
42233,
42809,
44241,
45839,
47634,
49336,
50095,
50286,
50233,
49925,
50174,
50851,
52367,
53096,
52190,
50661,
48988,
47807,
46658,
45498,
44145,
43280,
42725,
42623,
42966,
43332,
44671,
46140,
47895,
49527,
50348,
50486,
50053,
49694,
50039,
51425,
53050,
54134,
53793,
52644,
51398,
51021,
49295,
47271,
45462,
44217,
43940,
43964,
44660,
46812,
51289,
55763,
56374,
56104,
55980,
55687,
54984,
54629,
53958,
54440,
55625,
55864,
54704,
53413,
51791,
49921,
47571,
44880,
43254,
42272,
42116,
41936,
42541,
44957,
49469,
53354,
54053,
53900,
53841,
53303,
52762,
52205,
52488,
53351,
54649,
55826,
54919,
53470,
51552,
50047,
48166,
45680,
44150,
43545,
43395,
43699,
44505,
46628,
51504,
55663,
56380,
55942,
55778,
54908,
53709,
53623,
53949,
55372,
57176,
58119,
57515,
56272,
54806,
53252,
51205,
48995,
47484,
46452,
46045,
46376,
47317,
49150,
53201,
57002,
57531,
56889,
56613,
56108,
55662,
55442,
55395,
55953,
56667,
57112,
55887,
54186,
52653,
51207,
48878,
46534,
44868,
43870,
43513,
43581,
44267,
46564,
50981,
55058,
55669,
55524,
55730,
54886,
54248,
53607,
53013,
52881,
54272,
55482,
54733,
53044,
51239,
49772,
48331,
46318,
45090,
43900,
43508,
43433,
43679,
44234,
45743,
47672,
48916,
50357,
51164,
51641,
51184,
50543,
50149,
50660,
52133,
53255,
53155,
51395,
49323,
47796,
46216,
44547,
42945,
42029,
41663,
41373,
41215,
41474,
42370,
43768,
45167,
46752,
47728,
48631,
48631,
48386,
48132,
49391,
50906,
52255,
51794,
50400,
48858,
47774,
46263,
44424,
43395,
42677,
42074,
42490,
43340,
45906,
50805,
54923,
55876,
55828,
56101,
55811,
55328,
55351,
55326,
55793,
56417,
56791,
55769,
54399,
52642,
51119,
48911,
46286,
44362,
43227,
43057,
43053,
43919,
45966,
50882,
55078,
55450,
55133,
55019,
54978,
54579,
54665,
54976,
55150,
56246,
57187,
56158,
55041,
53104,
51843,
49507,
47163,
45213,
44325,
43761,
43964,
44567,
46966,
51329,
55620,
56215,
55933,
55967,
55650,
55560,
55095,
55021,
55272,
56173,
57094,
56218,
54785,
53099,
51781,
49484,
46813,
45188,
44296,
43808,
43993,
45095,
47405,
51915,
56121,
56781,
56283,
56308,
55902,
55418,
55271,
55336,
55649,
56652,
57923,
57038,
55415,
53426,
51815,
49714,
47160,
45714,
45267,
44478,
44581,
45441,
47871,
52293,
56319,
56895,
56627,
56559,
56233,
55623,
54870,
54464,
54466,
55417,
55838,
54819,
52907,
50901,
49278,
47333,
45484,
43600,
42899,
41928,
41752,
41844,
42497,
43646,
45282,
46425,
47993,
48940,
48930,
48854,
48252,
48015,
48351,
49952,
52227,
51346,
49682,
48048,
47070,
45438,
43585,
42372,
41607,
41129,
40980,
40965,
41569,
42488,
43849,
45472,
46963,
47782,
48008,
47455,
47231,
47464,
48384,
50273,
52277,
52191,
51174,
50202,
49280,
47578,
46069,
44381,
44011,
43897,
44190,
45272,
47979,
52724,
56973,
57715,
57897,
57269,
56090,
55647,
55412,
55121,
55768,
57194,
58577,
57713,
56687,
54945,
53608,
51320,
49130,
47297,
46225,
46198,
46766,
47866,
50315,
55131,
59294,
59754,
59470,
59096,
58339,
57591,
57384,
56756,
56608,
57652,
59050,
58130,
57333,
55788,
54438,
52158,
49876,
48559,
47685,
47337,
47364,
48888,
51304,
55663,
59241,
58996,
58316,
58047,
57048,
55684,
55109,
54999,
55424,
56385,
57453,
56406,
54997,
53057,
51915,
49853,
47771,
46009,
44909,
44574,
44779,
45771,
48249,
53022,
57159,
57572,
57168,
56608,
56038,
55338,
54741,
54480,
54538,
55558,
57323,
57232,
55981,
54666,
53402,
51296,
49018,
47409,
46030,
45433,
45674,
46597,
49268,
53606,
57089,
57793,
57671,
57029,
56743,
56144,
55365,
54722,
54205,
55194,
56430,
55778,
54117,
51892,
50433,
48470,
46151,
44869,
43674,
42834,
42704,
42617,
43432,
44571,
46106,
47932,
49871,
50630,
50762,
50941,
50673,
50035,
50061,
51703,
53165,
52326,
50644,
48690,
47765,
45923,
44347,
42942,
42270,
41618,
41601,
41495,
41801,
42522,
43945,
45173,
47284,
48412,
48993,
49051,
48965,
49089,
49508,
50652,
51579,
51297,
50371,
49237,
48111,
46458,
44564,
43101,
42241,
41814,
41942,
42633,
45044,
49483,
53078,
53739,
53796,
53968,
53377,
53099,
53068,
52938,
53081,
53977,
55344,
55149,
53579,
51658,
50489,
48378,
45409,
44294,
43679,
43831,
44108,
44553,
46971,
51413,
55417,
56130,
55677,
55960,
55433,
54434,
53853,
53924,
53937,
54952,
56341,
55832,
54712,
52798,
51286,
49601,
47108,
45618,
44666,
44540,
44883,
46002,
48423,
52617,
55815,
56046,
56081,
55958,
55427,
54755,
54153,
53709,
53924,
54850,
56508,
56263,
55400,
53603,
52382,
50313,
48081,
46400,
45631,
45459,
45689,
46688,
49160,
54005,
57919,
58441,
57879,
56889,
56218,
55188,
54292,
54376,
54629,
55795,
57652,
57071,
56075,
54888,
53899,
52121,
49696,
48605,
47902,
47842,
48002,
49172,
51567,
55887,
59488,
60157,
59592,
58343,
57251,
56136,
55486,
55134,
55319,
56235,
58011,
57055,
55321,
52927,
51840,
50060,
47426,
46222,
45200,
45111,
44859,
44861,
45309,
46677,
48141,
49773,
51451,
51902,
51930,
51024,
50301,
50080,
50742,
52548,
54021,
53472,
51353,
49225,
48217,
46356,
44875,
43710,
42804,
42282,
41948,
41835,
42082,
42783,
44124,
45371,
47042,
49108,
49819,
49616,
49340,
49738,
49833,
51002,
52994,
53022,
52045,
50768,
49914,
48061,
46331,
44422,
43677,
43235,
43149,
43872,
46481,
51165,
54693,
55519,
55421,
55627,
55224,
54193,
53750,
53325,
52927,
54046,
55568,
55061,
53778,
52054,
51041,
48822,
46369,
44528,
43648,
43591,
43388,
44282,
45674,
49689,
53593,
54132,
54132,
54339,
54116,
53761,
53648,
52634,
52430,
53025,
54748,
55230,
54223,
52342,
51052,
48846,
46670,
45051,
44550,
44726,
44944,
46106,
48150,
52904,
56205,
56853,
56467,
56125,
55003,
53728,
52779,
52468,
52347,
53321,
55660,
56400,
55348,
53794,
52405,
50775,
48793,
47348,
46404,
45962,
46081,
47161,
49390,
53250,
56145,
56918,
56865,
57995,
57302,
55404,
55601,
55390,
55817,
56531,
57723,
57267,
55900,
53952,
52458,
50362,
47654,
46223,
45271,
44963,
45246,
45884,
48103,
52072,
55318,
56296,
56147,
55690,
54667,
54321,
53664,
53140,
52586,
53122,
54470,
53777,
52298,
49930,
48264,
47120,
45337,
43460,
42235,
41635,
41225,
41342,
42532,
43736,
44832,
46590,
48450,
49741,
50352,
49698,
49326,
48884,
49120,
50130,
51948,
52933,
51480,
49659,
48315,
47597,
46074,
44753,
43868,
43306,
43020,
43232,
43729,
44547,
45430,
46865,
48384,
48939,
48886,
48434,
48390,
48360,
48658,
50168,
52687,
53330,
51799,
50616,
49579,
47893,
46478,
45263,
44414,
44580,
45055,
46243,
48536,
53084,
56326,
56803,
56496,
55575,
54652,
54038,
53810,
53796,
53779,
54628,
56553,
57118,
56232,
54870,
53736,
51397,
49370,
47540,
46478,
46327,
46835,
47733,
50144,
54916,
58384,
58549,
58113,
57082,
56791,
56099,
55693,
55541,
55908,
57204,
59175,
59300,
57997,
56197,
54824,
52709,
50459,
49063,
48270,
48454,
48505,
49752,
52423,
56647,
59545,
60682,
60412,
59576,
58568,
57823,
57331,
56904,
56719,
57709,
59467,
60066,
59065,
57744,
56509,
54586,
52273,
50430,
50194,
50153,
50447,
51520,
53799,
57843,
60919,
61325,
60589,
59842,
59487,
58363,
57627,
56736,
57102,
57567,
59021,
59824,
58785,
57276,
56309,
54349,
51662,
50507,
49608,
49728,
50385,
51424,
53811,
57641,
61043,
61560,
60733,
59857,
58872,
57134,
56026,
54838,
54680,
55220,
56859,
57841,
56592,
54604,
53109,
51654,
50001,
49381,
48531,
47864,
47864,
47829,
48416,
49554,
50879,
52851,
54157,
54537,
54185,
53527,
53022,
53070,
53126,
54105,
55970,
56604,
54766,
52543,
51267,
49991,
48800,
47404,
46413,
45854,
45985,
46189,
46225,
47040,
48303,
49758,
50765,
51256,
51904,
51680,
51500,
51189,
51111,
51865,
53864,
54989,
54177,
52605,
51424,
49730,
47690,
46730,
45794,
45692,
46159,
46844,
49280,
53220,
56338,
56780,
56742,
56232,
55319,
54572,
54208,
53970,
53519,
53824,
55328,
56405,
55775,
54294,
53079,
50992,
48653,
46921,
46052,
45738,
45936,
46667,
48741,
52560,
56206,
56833,
56763,
56894,
56429,
55507,
54950,
55100,
55178,
55156,
56473,
57419,
56374,
54798,
53409,
51144,
48671,
47352,
46178,
46034,
46373,
47353,
49531,
53373,
56572,
57601,
57560,
57517,
57079,
56248,
55805,
55633,
55467,
55913,
57147,
58134,
56890,
55365,
53985,
51829,
49590,
47860,
47182,
46686,
47024,
47769,
50415,
53816,
57252,
58001,
57311,
56504,
55486,
54493,
54019,
53586,
53836,
54086,
55381,
56670,
56062,
54900,
53664,
51744,
49581,
48019,
47048,
47406,
47331,
48413,
50814,
55064,
58272,
58740,
58343,
57810,
56326,
55212,
54528,
53567,
53376,
53522,
54888,
56026,
55110,
53288,
51919,
50364,
48419,
47516,
46505,
46066,
46023,
46415,
47274,
48149,
49428,
51148,
52183,
52389,
51917,
50783,
49918,
49766,
49720,
50625,
52679,
53654,
52723,
51061,
49918,
48264,
47001,
46197,
44969,
44519,
44267,
44443,
44870,
45180,
46166,
47792,
48982,
49744,
50086,
49484,
48720,
48581,
48846,
49171,
50717,
51951,
51157,
49210,
47972,
46280,
44472,
43269,
42514,
42396,
42532,
44043,
46306,
50202,
53989,
54442,
54035,
53594,
53203,
52428,
52254,
51683,
51738,
52018,
53258,
53911,
53001,
51463,
50196,
48149,
45894,
44401,
43526,
43323,
43209,
44077,
46481,
50711,
54451,
54953,
54825,
54640,
54479,
54228,
53834,
53477,
53584,
53735,
54601,
54750,
53541,
51847,
50534,
48411,
46129,
44637,
43589,
43263,
43235,
44118,
46341,
50070,
53466,
54183,
54063,
53822,
53451,
52490,
51892,
51342,
51340,
51388,
52545,
53705,
53319,
51879,
50579,
48543,
46042,
44824,
43961,
43718,
43433,
44423,
46317,
50368,
53188,
54531,
54274,
54481,
54731,
54158,
54030,
53429,
53448,
53400,
54338,
55347,
54915,
52932,
51278,
49201,
47265,
45715,
45191,
44979,
45075,
46100,
48605,
51913,
55141,
56562,
56264,
56104,
55424,
54927,
54250,
53784,
53329,
53756,
55508,
57568,
56078,
54629,
53550,
51970,
50775,
49575,
48839,
48778,
48618,
49426,
50213,
51194,
52623,
53466,
54143,
53482,
52316,
51363,
50622,
49658,
49802,
50777,
53664,
55157,
53974,
51803,
50884,
49835,
48180,
46655,
45825,
45254,
45463,
45328,
45562,
45434,
46276,
47476,
48903,
49853,
49848,
49942,
49778,
49639,
49838,
50088,
51777,
52636,
51421,
49790,
48475,
46920,
45113,
42443,
42954,
42733,
43078,
44388,
47085,
50526,
54023,
55128,
55087,
54571,
53908,
53248,
52612,
51993,
52007,
51991,
52800,
53969,
53268,
51050,
49539,
48294,
45741,
44668,
43666,
43354,
43521,
44053,
45518,
48519,
51065,
52279,
52791,
52905,
52748,
51893,
51349,
51221,
50648,
50778,
51790,
52375,
51531,
49882,
48530,
46347,
44510,
43388,
41814,
41207,
42009,
42521,
43680,
46837,
50418,
52066,
51905,
51792,
51739,
51222,
50511,
50146,
49899,
50441,
51749,
52585,
52506,
50866,
49438,
47337,
45157,
43888,
43249,
43532,
43892,
44594,
46217,
49043,
51573,
52609,
51939,
50988,
50697,
50453,
49762,
49580,
49942,
50108,
51025,
52470,
52243,
50600,
49473,
47816,
45993,
44254,
43652,
43740,
44151,
44783,
46385,
49671,
53003,
54092,
53806,
53152,
52393,
51701,
50507,
49251,
49279,
49532,
51230,
53106,
53073,
51468,
50504,
49310,
47747,
46764,
45941,
45614,
45929,
45766,
45999,
46647,
48003,
49232,
49323,
48820,
48195,
47318,
47042,
46603,
46923,
48005,
50389,
52733,
52772,
51101,
50193,
49102,
47877,
46204,
45757,
45346,
45366,
45477,
46137,
46200,
46685,
47444,
48267,
48114,
47699,
47365,
46753,
46881,
47508,
48198,
50819,
52635,
52985,
51301,
50404,
48694,
47154,
46272,
45369,
45354,
45646,
46228,
47812,
50681,
53612,
54908,
54451,
53533,
52942,
52231,
51532,
51041,
51131,
51660,
53017,
54254,
54444,
52446,
50656,
48920,
47017,
45661,
44569,
44213,
44527,
45125,
46684,
49405,
52106,
52907,
52072,
51592,
51635,
51053,
50332,
50373,
50313,
50469,
51748,
52997,
52506,
50958,
49920,
47642,
45465,
43870,
43022,
43075,
43226,
43898,
45449,
48401,
51347,
51758,
51127,
50806,
50357,
49877,
49382,
48901,
48975,
49123,
50255,
51217,
51408,
49686,
48147,
46824,
45083,
43861,
43030,
42877,
43300,
43723,
45118,
48102,
50959,
51843,
51389,
50267,
50125,
49186,
48500,
48358,
48339,
48475,
49446,
50276,
50781,
49762,
48498,
46792,
44889,
43982,
43085,
43284,
43706,
44607,
46520,
48972,
51429,
52290,
51638,
50951,
50040,
49149,
48160,
47449,
47041,
47118,
48119,
49175,
49653,
47894,
46579,
45663,
44424,
43136,
42418,
42502,
42487,
42489,
42849,
43345,
44851,
45539,
46167,
46494,
46136,
45411,
44951,
44918,
44988,
45663,
47692,
49909,
50089,
48520,
47189,
46093,
44763,
43878,
43624,

43560,
44161,
45260,
45278,
46072,
47525,
48425,
48495,
48333,
47982,
47351,
46445,
46135,
46542,
47466,
48399,
49538,
50086,
48939,
47434,
45842,













52300,
51665,
51410,
49979,
50357,
50949,
52073,
52432,
51665,
49930,
47891,
46593,
45900,
45647,
46084,
46951,
48894,
51376,
53914,
54759,
54350,
53413,
52406,
51372,
50426,
49947,
49464,
48998,
49614,
49886,
50232,
50060,
48896,
46943,
44779,
43362,
42338,
42033,
42445,
43329,
45301,
48229,
50620,
51611,
51213,
51480,
51277,
50579,
49950,
49292,
48951,
48640,
49086,
48937,
49156,
49044,
47914,
46701,
44449,
43135,
42605,
42356,
42210,
43079,
45046,
47493,
50143,
51573,
51371,
51409,
50779,
51199,
51067,
51256,
51068,
50713,
51776,
51820,
51331,
50889,
50046,
48233,
46253,
44917,
43984,
43805,
44168,
45096,
47111,
50098,
52989,
53888,
53636,
53170,
52923,
51747,
50390,
49184,
48962,
48866,
49478,
49691,
49934,
50283,
49402,
47910,
46407,
45057,
44173,
43814,
44137,
44882,
45241,
45209,
46175,
47344,
47818,
47527,
46914,
46087,
45411,
44705,
45020,
45619,
46869,
47713,
47860,
48053,
47063,
46013,
44668,
43456,
42590,
42257,
42286,
42545,
42940,
42911,
43351,
44517,
45639,
45856,
45691,
45256,
44835,
44197,
43586,
43558,
44667,
45688,
45869,
45849,
45452,
44106,
42395,
41470,
40597,
40907,
40862,
41518,
43376,
45991,
48439,
49512,
49710,
49289,
47485,
46165,
45616,
44843,
44491,
44202,
44583,
45271,
45748,
45538,
44491,
42749,
40858,
39573,
38681,
38371,
38575,
39712,
41748,
44738,
46744,
46840,
46494,
46377,
46301,
45990,
45442,
44645,
44380,
43861,
44292,
44752,
45528,
45950,
45408,
43738,
41677,
40015,
39087,
39080,
39548,
40277,
41692,
44110,
46762,
47287,
47258,
47114,
46609,
46082,
45335,
44789,
44489,
44069,
44575,
44810,
45010,
45337,
44145,
42113,
40570,
39690,
38878,
38339,
38540,
39057,
40383,
42314,
44184,
45048,
45389,
45608,
45777,
45140,
44023,
43406,
42997,
43002,
43613,
44252,
44375,
44635,
44129,
42774,
41499,
40385,
39580,
39253,
39221,
39745,
40508,
41552,
42723,
43415,
43760,
43608,
43102,
42639,
42138,
41576,
41341,
41895,
42787,
43328,
42997,
43667,
43556,
42616,
41560,
40248,
39438,
39233,
39426,
40055,
40283,
40483,
41225,
42087,
42997,
43117,
42944,
42760,
42652,
42341,
42563,
43034,
44079,
44223,
43736,
43450,
42909,
41762,
40130,
38817,
37985,
37367,
37247,
37492,
37495,
37432,
38550,
39889,
41029,
41997,
42505,
42231,
41654,
40832,
40767,
40849,
42155,
42447,
42292,
42551,
42619,
41480,
40056,
39295,
38709,
38254,
38344,
39297,
40147,
41004,
41799,
42881,
43793,
44522,
44780,
44611,
44167,
43913,
43815,
44320,
45217,
45780,
45722,
46034,
46008,
44689,
43281,
42242,
41443,
41611,
41991,
42701,
43877,
47008,
49786,
50887,
50845,
50366,
49570,
48913,
48651,
47903,
47688,
47413,
47584,
47844,
47776,
47644,
46703,
44821,
42842,
41205,
40198,
40016,
40270,
40862,
42295,
45052,
47656,
48962,
48571,
48409,
48085,
47282,
46034,
45426,
44613,
44484,
45302,
45329,
45170,
45033,
44452,
42907,
41396,
40348,
39509,
38816,
38963,
39551,
41028,
43616,
46478,
47546,
47271,
47251,
47190,
46709,
45815,
44836,
44636,
44777,
45140,
45124,
45340,
45580,
45503,
44249,
42155,
41024,
40275,
40258,
40572,
41317,
42638,
45106,
47819,
48683,
48229,
48111,
47632,
46615,
45871,
45154,
44566,
44171,
44649,
44959,
44943,
44816,
44551,
43295,
41869,
40776,
39937,
39548,
39769,
40132,
40392,
40571,
41605,
42767,
43730,
43214,
42792,
42454,
41796,
41501,
41453,
41993,
42744,
43232,
43217,
42828,
42926,
42154,
40757,
39736,
38634,
38387,
38568,
38731,
38866,
38845,
39578,
40520,
40935,
40821,
40868,
40050,
39862,
39499,
39384,
39786,
40928,
41431,
41554,
41341,
41588,
40339,
39035,
37811,
37261,
36802,
37188,
37630,
39216,
41788,
44991,
46167,
45905,
45608,
44869,
44114,
43602,
43316,
42863,
42318,
42567,
42677,
42603,
42568,
42714,
41282,
39575,
37747,
36994,
37039,
37389,
38213,
40011,
42754,
44829,
45403,
44575,
43920,
43619,
43029,
42193,
41653,
41699,
41427,
41508,
41567,
41553,
41497,
41443,
40371,
38412,
36719,
35990,
35674,
36019,
36644,
38278,
40996,
43252,
44341,
44243,
43945,
43545,
42822,
41736,
41251,
40546,
41246,
41535,
41157,
40973,
40651,
40787,
39537,
37525,
36185,
35632,
35604,
35724,
36258,
37484,
40091,
43057,
44094,
43791,
43514,
43218,
42676,
42180,
41647,
41311,
41280,
41221,
41201,
41424,
41172,
41042,
39816,
37927,
36422,
35663,
35203,
35328,
35797,
37000,
40255,
43395,
44712,
44584,
44304,
43988,
43714,
42612,
42094,
41617,
41508,
41587,
42195,
41806,
40883,
40957,
39682,
38092,
37293,
36648,
36173,
35774,
35784,
35987,
36519,
37841,
38929,
40062,
40551,
40495,
40218,
39640,
39016,
38459,
39276,
40445,
41118,
40981,
40314,
40536,
39702,
38117,
36982,
36436,
36140,
36177,
36141,
36075,
36479,
37339,
38428,
39292,
39772,
39907,
39703,
39221,
39044,
38813,
39521,
40565,
41185,
40954,
41212,
41414,
40562,
39089,
37775,
37052,
36783,
37004,
37612,
38913,
42002,
45248,
46268,
46304,
46483,
46583,
46585,
46147,
45636,
45548,
45445,
45784,
45549,
45052,
44582,
44503,
43168,
41133,
39574,
38907,
38655,
38863,
39380,
40504,
43644,
46980,
47859,
47804,
47595,
47580,
46962,
46461,
46004,
45568,
45414,
45823,
45672,
45381,
45143,
45128,
43834,
41904,
40200,
39501,
39435,
39800,
40376,
41469,
44267,
47393,
48084,
47547,
47323,
47133,
46549,
46062,
45908,
45872,
45427,
45764,
45600,
45335,
44981,
44869,
43533,
41604,
40120,
39509,
39298,
39555,
40115,
41218,
44185,
46916,
47751,
47518,
47233,
46838,
46546,
45888,
45454,
45213,
45075,
45542,
45246,
44766,
44093,
43669,
42096,
40545,
39205,
38099,
37910,
37836,
37667,
37858,
38627,
40307,
41838,
42697,
43494,
43469,
43007,
42745,
42081,
41821,
42107,
42676,
42732,
42186,
41261,
41161,
40428,
38768,
37431,
36624,
36090,
36139,
36197,
36247,
36732,
37930,
39266,
40404,
40949,
40879,
40327,
40102,
39741,
39244,
39762,
40918,
41218,
40388,
39783,
40118,
39299,
37661,
36673,
35921,
35624,
35677,
35816,
35197,
35202,
36221,
37505,
38469,
38893,
38843,
38660,
38120,
37851,
37850,
38452,
39418,
39791,
39996,
39975,
40443,
39689,
38149,
37060,
36385,
36270,
36433,
36988,
38461,
41812,
45043,
46179,
46023,
45908,
45621,
45428,
45059,
44683,
44277,
43584,
43840,
44060,
43765,
43077,
43588,
42543,
40336,
38679,
37742,
37949,
38328,
38738,
39981,
42642,
45619,
46918,
46579,
46427,
45710,
45143,
44741,
44010,
43448,
43313,
43223,
42770,
42582,
42104,
42201,
41122,
39218,
37955,
37270,
36987,
37059,
37567,
38674,
41193,
43462,
44574,
44224,
43748,
43624,
43268,
42663,
42220,
41631,
41292,
41683,
41043,
41157,
41306,
41168,
40055,
38202,
36813,
35986,
35865,
36111,
36173,
37773,
40805,
43575,
44192,
44181,
44175,
43906,
43197,
42719,
42429,
42405,
42123,
42392,
42143,
42220,
42278,
42302,
41244,
39036,
37474,
36781,
36317,
36219,
36661,
37709,
40174,
42655,
43697,
43816,
43847,
43282,
42459,
41864,
41195,
40732,
40623,
41291,
41182,
40755,
39997,
40076,
39721,
38090,
36507,
35914,
35489,
35340,
34867,
34870,
35801,
36856,
38370,
39497,
39868,
39718,
38909,
38228,
37917,
37812,
38281,
39229,
39890,
39508,
39207,
39415,
38864,
37334,
35958,
35278,
34816,
34594,
34463,
34175,
34587,
35742,
37119,
38075,
39073,
39799,
39804,
39221,
38652,
39000
