4.44593996
4.500187377
4.504542895
4.413004333
4.353498551
4.305739367
4.379786628
4.426474049
4.462027034
4.45367265
4.503004561
4.561040644
4.603328491
4.614942283
4.65356027
4.691705616
4.651862914
4.655169143
4.615684714
4.653769856
4.649311466
4.609381307
4.609590402
4.694700056
4.715064409
4.742398487
4.750620268
4.757401883
4.776902541
4.757264467
4.762011528
4.798225595
4.795699632
4.807482261
4.854488178
4.868610794
4.853591544
4.81770567
4.818513875
4.779467972
4.763070968
4.759057974
4.79892612
4.764231645
4.806035408
4.80768645
4.690136139
4.709746394
4.702541876
4.701815837
4.681130727
4.644612029
4.613921779
4.602506642
4.525423268
4.435093356
4.312730146
4.468101115
4.418008937
4.402307089
4.522038546
4.58386483
4.608923135
4.658654079
4.7051965
4.751821386
4.68525597
4.667525075
4.635835172
4.699124902
4.726927536
4.718784545
4.833667381
4.82520491
4.858346214
4.850529138
4.839348628
4.882718586
4.877911195
4.876074801
4.901593938
4.882794347
4.878702623
4.933307786
4.884875529
4.866480049
4.855905558
4.860060436
4.840258118
4.888497791
4.872950526
4.858641176
4.860192177
4.820458969
4.851592668
4.859052426
4.799922493
4.779434369
4.808421186
4.894820321
4.903970224
4.890100977
4.9467721
4.976423349
4.973217222
4.88199857
4.903243086
4.922692574
4.966063221
4.933408618
4.991323346
4.997597335
4.975643493
5.018226409
5.031541887
5.087645717
5.091932599
5.025760332
5.07220065
5.093357486
5.153661468
5.153574791
5.051297276
5.096494897
5.146680192
5.177831933
5.245106445
5.255164533
5.284157588
5.30420003
5.405434838
5.37479681
5.332056738
5.349276605
5.388491653
5.368966865
5.371521359
5.365242101
5.367297571
5.307817101
5.257292226
5.309855545
5.350292928
5.324311571
5.31117436
5.253654673
5.248423093
5.292626203
5.257937982
5.242804657
5.224853802
5.33942572
5.351815479
5.460759293
5.500351677
5.519438875
5.55595123
5.578612221
5.614889328
5.690720875
5.681983255
5.720164225
5.690217552
5.70511492
5.71882871
5.707199962
5.728075007
5.722833185
5.717238206
5.681417568
5.698585661
5.708030107
5.651081172
5.672566968
5.660084822
5.764849352
5.765087649
5.768933308
5.757673891
5.783680556
5.858704286
5.870877584
5.871540158
5.870598326
5.92676868
5.942316319
5.940855229
5.93227967
5.90050265
5.945656183
6.0119973
6.059240011
6.064807941
6.136895175
6.191183881
6.179861362
6.231695278
6.248452848
6.190895156
6.262432082
6.176143739
6.232210267
6.256224018
6.230373174
6.356704705
6.395458574
6.423902593
6.414984023
6.423617025
6.472882472
6.522298659
6.558932285
6.536765508
6.294232257
6.208227787
6.281548732
6.322750142
6.368310678
6.33693015
6.347930219
6.35654333
6.401411264
6.397612755
6.36307293
6.404795306
6.432258188
6.417904797
6.435199596
6.505870753
6.480634878
6.503695183
6.55431225
6.593974239
6.588285282
6.674730569
6.694090413
6.690024552
6.666531766
6.686720752
6.710451243
6.64095499
6.653752956
6.679906927
6.654642091
6.747681593
6.740912899
6.737700971
6.642961265
6.593071931
6.588804049
6.651441374
6.678916792
6.721544971
6.790619034
6.81454619
6.816910017
6.859145748
6.81224938
6.857805292
6.881221347
6.86434452
6.877699083
6.836572869
6.944858367
6.926047943
6.938914741
6.919274675
6.948261704
6.953152073
6.938163235
6.978202559
6.957524012
6.969206853
6.972654985
7.006138913
7.018336443
7.02661418
7.040151903
7.061031577
7.036563535
7.062962543
7.065886597
7.061856529
7.099096866
7.091398462
7.111873389
7.102283695
7.114301859
7.147733922
7.120216376
7.075640633
7.088382902
7.104660804
7.079842981
7.11215302
7.15233385
7.127576518
7.149793595
7.112690867
7.127419986
7.153022683
7.191253863
7.220334333
7.249355772
7.288545108
7.31150692
7.344131672
7.346642913
7.387979005
7.38439807
7.427360053
7.446438647
7.479908713
7.489137591
7.498716898
7.513352938
7.538815331
7.542623241
7.497437369
7.518311842
7.573069697
7.600277264
7.673143583
7.653130042
7.713731466
7.721538311
7.679581931
7.737566129
7.796668648
7.840495965
7.917056457
7.859404274
7.912723699
7.878755763
7.924008986
7.941036911
7.952037034
8.021679736
8.071620209
8.081630563
8.064293335
8.104109032
8.093403305
7.937243616
7.999336239
8.077538732
8.136380988
8.192406927
8.233372454
8.201800296
8.241029329
8.279023562
8.255126883
8.309139218
8.277416574
8.272456937
8.244660321
8.306019465
8.326143576
8.383370556
8.331821949
8.31271093
8.406045518
8.375497821
8.354767434
8.37912145
8.363363927
8.423625533
8.369387606

