25.00
28.00
31.00
32.00
33.00
33.00
32.00
31.00
28.00
25.00
22.00
18.00
14.00
10.00
7.00
4.00
2.00
0.00
0.00
0.00
2.00
4.00
8.00
11.00
15.00
19.00
23.00
26.00
29.00
32.00
33.00
34.00
33.00
32.00
30.00
27.00
24.00
20.00
17.00
13.00
10.00
7.00
5.00
3.00
3.00
3.00
4.00
5.00
7.00
10.00
13.00
16.00
19.00
22.00
24.00
26.00
27.00
28.00
29.00
28.00
27.00
25.00
24.00
21.00
19.00
17.00
15.00
13.00
12.00
11.00
11.00
10.00
10.00
11.00
12.00
12.00
13.00
14.00
15.00
16.00
17.00
18.00
19.00
19.00
19.00
19.00
20.00
20.00
20.00
20.00
20.00
20.00
20.00
20.00
21.00
20.00
20.00
20.00
20.00
19.00
18.00
17.00
16.00
15.00
13.00
12.00
11.00
10.00
9.00
9.00
10.00
10.00
11.00
12.00
14.00
16.00
19.00
21.00
24.00
25.00
27.00
28.00
29.00
29.00
28.00
27.00
25.00
23.00
20.00
17.00
14.00
11.00
8.00
5.00
4.00
2.00
2.00
2.00
4.00
6.00
9.00
12.00
16.00
19.00
23.00
27.00
30.00
32.00
33.00
34.00
33.00
32.00
30.00
27.00
24.00
20.00
16.00
12.00
9.00
5.00
3.00
1.00
0.00
0.00
1.00
3.00
6.00
9.00
13.00
17.00
21.00
24.00
27.00
30.00
32.00
33.00
33.00
32.00
31.00
28.00
25.00
22.00
19.00
15.00
12.00
9.00
7.00
5.00
4.00
4.00
5.00
5.00
7.00
9.00
12.00
14.00
17.00
20.00
22.00
24.00
25.00
26.00
27.00
27.00
26.00
25.00
24.00
22.00
20.00
18.00
17.00
15.00
14.00
13.00
13.00
12.00
12.00
12.00
13.00
13.00
13.00
14.00
14.00
15.00
15.00
16.00
17.00
17.00
17.00
17.00
18.00
18.00
19.00
19.00
20.00
20.00
21.00
21.00
22.00
22.00
22.00
22.00
22.00
21.00
20.00
19.00
17.00
16.00
14.00
12.00
11.00
9.00
8.00
7.00
8.00
8.00
9.00
10.00
12.00
14.00
17.00
20.00
23.00
25.00
27.00
29.00
30.00
30.00
30.00
29.00
27.00
25.00
22.00
19.00
16.00
12.00
9.00
6.00
4.00
2.00
1.00
1.00
2.00
4.00
7.00
10.00
14.00
17.00
21.00
25.00
29.00
31.00
33.00
34.00
34.00
33.00
31.00
29.00
26.00
22.00
19.00
14.00
11.00
7.00
4.00
2.00
1.00
0.00
1.00
2.00
5.00
7.00
11.00
15.00
19.00
22.00
25.00
28.00
30.00
32.00
32.00
32.00
31.00
29.00
26.00
23.00
21.00
17.00
14.00
11.00
9.00
7.00
6.00
5.00
6.00
6.00
7.00
9.00
11.00
13.00
15.00
18.00
20.00
22.00
23.00
24.00
25.00
25.00
25.00
24.00
24.00
22.00
21.00
19.00
18.00
17.00
16.00
15.00
15.00
14.00
14.00
14.00
14.00
14.00
14.00
14.00
14.00
14.00
14.00
14.00
15.00
15.00
15.00
15.00
16.00
16.00
17.00
18.00
19.00
20.00
21.00
22.00
23.00
23.00
24.00
24.00
24.00
23.00
22.00
21.00
19.00
17.00
15.00
13.00
11.00
9.00
7.00
6.00
6.00
6.00
7.00
8.00
10.00
12.00
15.00
18.00
22.00
24.00
27.00
29.00
31.00
31.00
31.00
31.00
29.00
27.00
24.00
21.00
18.00
14.00
10.00
7.00
5.00
2.00
1.00
0.00
1.00
2.00
5.00
8.00
12.00
15.00
19.00
23.00
27.00
30.00
32.00
34.00
34.00
34.00
32.00
30.00
28.00
24.00
20.00
16.00
13.00
9.00
6.00
3.00
2.00
1.00
1.00
2.00
4.00
6.00
9.00
13.00
17.00
20.00
23.00
26.00
28.00
30.00
31.00
31.00
31.00
29.00
27.00
24.00
22.00
19.00
16.00
13.00
11.00
9.00
8.00
7.00
7.00
7.00
8.00
9.00
11.00
12.00
14.00
16.00
18.00
20.00
21.00
22.00
23.00
23.00
23.00
23.00
23.00
22.00
21.00
20.00
19.00
18.00
18.00
17.00
17.00
16.00
16.00
16.00
16.00
15.00
15.00
15.00
14.00
14.00
13.00
13.00
13.00
13.00
13.00
13.00
14.00
14.00
15.00
16.00
18.00
19.00
21.00
22.00
24.00
24.00
25.00
26.00
26.00
25.00
24.00
23.00
21.00
19.00
16.00
14.00
12.00
9.00
7.00
5.00
5.00
4.00
5.00
6.00
8.00
10.00
13.00
16.00
20.00
23.00
26.00
29.00
31.00
32.00
32.00
32.00
31.00
29.00
26.00
23.00
20.00
16.00
12.00
8.00
6.00
3.00
1.00
0.00
0.00
1.00
3.00
6.00
10.00
13.00
17.00
21.00
25.00
28.00
31.00
33.00
34.00
34.00
33.00
31.00
29.00
26.00
22.00
18.00
15.00
11.00
8.00
5.00
3.00
2.00
2.00
2.00
4.00
5.00
