4.367
5.147
5.418
4.897
5.002
5.329
3.537
3.94
5.226
5.429
5.4
4.446
5.072
5.707
5.76
5.807
5.865
5.909
3.681
3.895
6.247
6.629
6.67
5.52
6.71
7.134
7.097
6.741
7.006
7.169
5.419
4.667
6.227
7.314
6.928
4.866
5.611
5.762
5.638
5.891
6.229
6.485
5.169
5.236
6.921
7.703
6.985
4.49
4.816
5.254
5.589
6.004
6.037
6.439
4.82
5.18
6.589
6.886
6.531
5.888
6.765
7.675
8.295
8.194
8.256
9.056
6.573
7.162
7.978
8.005
9.185
8.236
8.726
9.364
10.777
10.081
10.112
11.035
8.554
7.826
10.229
11.419
10.501
9.134
9.07
10.6
11.641
11.92
11.78
12.035
8.645
9.141
11.29
12.987
12.532
10.566
11.891
12.956
13.669
11.881
13.167
11.738
8.484
7.283
10.483
11.644
10.048
8.134
8.808
10.054
9.921
8.85
7.78
7.856
6.102
6.416
9.469
11.073
9.935
8.296
8.34
9.406
10.862
11.119
11.43
12.158
8.39
8.53
9.579
10.511
9.14
7.516
7.148
8.727
10.142
10.538
10.931
11.624
8.605
8.69
10.024
9.432
8.622
7.694
9.703
11.56
12.127
11.729
12.571
13.71
9.897
11.304
13.493
14.372
14.226
12.593
14.62
16.005
16.683
15.487
15.684
15.962
12
13.769
14.031
16.078
15.827
13.149
15.969
16.628
16.67
16.487
16.883
16.201
12.168
14.01
16.556
17.404
16.435
13.123
16.744
17.41
16.484
17.103
17.301
17.301
12.843
13.748
16.904
17.342
15.476
15.424
15.988
19.244
18.715
17.78
17.16
17.349
11.171
13.438
16.713
18.369
17.067
14.055
15.5
18.475
19.423
18.686
19.646
19.733
12.605
16.616
19.156
21.348
20.049
18.02
20.262
21.789
20.603
21.928
21.025
19.346
11.786
19.082
20.127
20.217
20.385
16.653
13.065
20.275
21.776
20.26
22.523
23.033
14.133
20.11
19.682
22.197
17.212
11.784
15.467
17.002
15.952
18.767
20.605
19.809
14.233
19.311
20.827
23.388
20.181
14.344
